0.000762   0.020034   0.000126   0.005142   0.001970   0.002997   0.002997   0.002997   0.002997   0.006060   0.006059   0.003250   0.000885   0.000242   0.013152   0.000148   0.009281   0.033120   
0.000762   0.020059   0.000126   0.005141   0.001969   0.003001   0.003001   0.003001   0.003001   0.006067   0.006066   0.003250   0.000886   0.000242   0.013155   0.000148   0.009281   0.033126   
0.000752   0.020061   0.000124   0.005021   0.001971   0.003002   0.003002   0.003002   0.003002   0.006070   0.006069   0.003175   0.000887   0.000239   0.012978   0.000148   0.009280   0.033130   
0.000739   0.020055   0.000122   0.004871   0.001973   0.003003   0.003003   0.003003   0.003003   0.006072   0.006070   0.003083   0.000888   0.000234   0.012756   0.000148   0.009278   0.033133   
0.000752   0.020064   0.000124   0.005030   0.001971   0.003003   0.003003   0.003003   0.003003   0.006072   0.006070   0.003181   0.000887   0.000239   0.012991   0.000148   0.009283   0.033135   
0.000742   0.020060   0.000122   0.004909   0.001973   0.003004   0.003004   0.003004   0.003004   0.006072   0.006071   0.003106   0.000888   0.000235   0.012812   0.000148   0.009280   0.033136   
0.000739   0.020058   0.000122   0.004873   0.001974   0.003004   0.003004   0.003004   0.003004   0.006073   0.006071   0.003084   0.000888   0.000234   0.012758   0.000148   0.009279   0.033138   
0.000741   0.020057   0.000122   0.004900   0.001973   0.003004   0.003004   0.003004   0.003004   0.006073   0.006071   0.003101   0.000888   0.000235   0.012801   0.000148   0.009279   0.033139   
0.000739   0.020058   0.000122   0.004872   0.001973   0.003004   0.003004   0.003004   0.003004   0.006073   0.006071   0.003084   0.000888   0.000235   0.012759   0.000148   0.009279   0.033140   
0.000739   0.020059   0.000122   0.004873   0.001974   0.003004   0.003004   0.003004   0.003004   0.006073   0.006071   0.003084   0.000888   0.000234   0.012758   0.000148   0.009279   0.033140   
0.000739   0.020058   0.000122   0.004874   0.001973   0.003004   0.003004   0.003004   0.003004   0.006073   0.006071   0.003085   0.000888   0.000235   0.012762   0.000148   0.009279   0.033141   
0.000739   0.020059   0.000122   0.004873   0.001974   0.003004   0.003004   0.003004   0.003004   0.006073   0.006071   0.003085   0.000888   0.000235   0.012760   0.000148   0.009279   0.033142   
0.000739   0.020060   0.000122   0.004873   0.001974   0.003004   0.003004   0.003004   0.003004   0.006073   0.006072   0.003085   0.000888   0.000235   0.012760   0.000148   0.009279   0.033143   
0.000739   0.020059   0.000122   0.004873   0.001974   0.003004   0.003004   0.003004   0.003004   0.006073   0.006072   0.003084   0.000888   0.000235   0.012761   0.000148   0.009279   0.033143   
0.000739   0.020059   0.000122   0.004872   0.001974   0.003004   0.003004   0.003004   0.003004   0.006073   0.006072   0.003084   0.000888   0.000234   0.012758   0.000148   0.009279   0.033144   
0.000739   0.020059   0.000122   0.004874   0.001974   0.003004   0.003004   0.003004   0.003004   0.006074   0.006072   0.003085   0.000888   0.000235   0.012762   0.000148   0.009280   0.033145   
0.000739   0.020059   0.000122   0.004873   0.001974   0.003004   0.003004   0.003004   0.003004   0.006074   0.006072   0.003084   0.000888   0.000235   0.012760   0.000148   0.009279   0.033145   
0.000739   0.020060   0.000122   0.004874   0.001974   0.003004   0.003004   0.003004   0.003004   0.006074   0.006072   0.003085   0.000888   0.000235   0.012761   0.000148   0.009280   0.033146   
0.000739   0.020059   0.000122   0.004874   0.001974   0.003004   0.003004   0.003004   0.003004   0.006074   0.006072   0.003085   0.000888   0.000235   0.012763   0.000148   0.009280   0.033146   
0.000739   0.020060   0.000122   0.004874   0.001974   0.003004   0.003004   0.003004   0.003004   0.006074   0.006072   0.003085   0.000888   0.000235   0.012761   0.000148   0.009279   0.033147   
0.000739   0.020059   0.000122   0.004873   0.001973   0.003004   0.003004   0.003004   0.003004   0.006074   0.006072   0.003084   0.000888   0.000235   0.012760   0.000148   0.009279   0.033147   
0.000739   0.020060   0.000122   0.004874   0.001974   0.003004   0.003004   0.003004   0.003004   0.006074   0.006072   0.003085   0.000888   0.000235   0.012762   0.000148   0.009280   0.033148   
0.000739   0.020060   0.000122   0.004873   0.001974   0.003004   0.003004   0.003004   0.003004   0.006074   0.006072   0.003084   0.000888   0.000234   0.012759   0.000148   0.009279   0.033148   
0.000739   0.020059   0.000122   0.004874   0.001974   0.003004   0.003004   0.003004   0.003004   0.006074   0.006072   0.003085   0.000888   0.000235   0.012763   0.000148   0.009280   0.033148   
0.000739   0.020059   0.000122   0.004874   0.001974   0.003004   0.003004   0.003004   0.003004   0.006074   0.006072   0.003085   0.000888   0.000235   0.012762   0.000148   0.009280   0.033149   
0.000755   0.020357   0.000124   0.005092   0.001976   0.003004   0.003004   0.003004   0.003004   0.006074   0.006072   0.003235   0.000885   0.000239   0.013010   0.000148   0.009287   0.033149   
0.000832   0.021739   0.000137   0.006104   0.001987   0.003004   0.003004   0.003004   0.003004   0.006074   0.006072   0.003933   0.000874   0.000261   0.014162   0.000149   0.009312   0.033150   
0.000831   0.021760   0.000137   0.006105   0.001988   0.003004   0.003004   0.003004   0.003004   0.006074   0.006072   0.003936   0.000874   0.000260   0.014137   0.000149   0.009314   0.033150   
0.000831   0.021770   0.000137   0.006106   0.001988   0.003004   0.003004   0.003004   0.003004   0.006074   0.006073   0.003938   0.000874   0.000260   0.014129   0.000149   0.009310   0.033151   
0.000831   0.021768   0.000137   0.006106   0.001987   0.003004   0.003004   0.003004   0.003004   0.006074   0.006073   0.003938   0.000874   0.000260   0.014135   0.000149   0.009308   0.033151   
0.000832   0.021762   0.000137   0.006105   0.001986   0.003005   0.003005   0.003005   0.003005   0.006074   0.006073   0.003938   0.000874   0.000260   0.014146   0.000148   0.009305   0.033151   
0.000831   0.021768   0.000137   0.006106   0.001987   0.003005   0.003005   0.003005   0.003005   0.006074   0.006073   0.003939   0.000874   0.000260   0.014135   0.000149   0.009309   0.033152   
0.000830   0.021784   0.000137   0.006107   0.001989   0.003005   0.003005   0.003005   0.003005   0.006074   0.006073   0.003940   0.000874   0.000260   0.014111   0.000149   0.009315   0.033152   
0.000831   0.021774   0.000137   0.006106   0.001988   0.003005   0.003005   0.003005   0.003005   0.006074   0.006073   0.003938   0.000874   0.000260   0.014124   0.000149   0.009311   0.033152   
0.000831   0.021775   0.000137   0.006107   0.001988   0.003005   0.003005   0.003005   0.003005   0.006075   0.006073   0.003939   0.000874   0.000260   0.014122   0.000149   0.009312   0.033153   
0.000832   0.021783   0.000137   0.006122   0.001988   0.003005   0.003005   0.003005   0.003005   0.006075   0.006073   0.003949   0.000874   0.000260   0.014149   0.000149   0.009311   0.033153   
0.000846   0.022061   0.000139   0.006385   0.002013   0.003005   0.003005   0.003005   0.003005   0.006075   0.006073   0.004119   0.000874   0.000264   0.014328   0.000149   0.009356   0.033153   
0.000847   0.022052   0.000139   0.006385   0.002011   0.003005   0.003005   0.003005   0.003005   0.006075   0.006073   0.004118   0.000874   0.000264   0.014343   0.000149   0.009353   0.033154   
0.000847   0.022045   0.000140   0.006383   0.002011   0.003005   0.003005   0.003005   0.003005   0.006075   0.006073   0.004117   0.000874   0.000264   0.014354   0.000149   0.009349   0.033154   
0.000813   0.021220   0.000134   0.005883   0.001993   0.003005   0.003005   0.003005   0.003005   0.006075   0.006073   0.003767   0.000876   0.000256   0.013895   0.000149   0.009320   0.033154   
0.000777   0.020331   0.000128   0.005363   0.001976   0.003005   0.003005   0.003005   0.003005   0.006075   0.006073   0.003395   0.000878   0.000247   0.013411   0.000148   0.009294   0.033154   
0.000776   0.020317   0.000128   0.005340   0.001976   0.003005   0.003005   0.003005   0.003005   0.006075   0.006073   0.003382   0.000878   0.000246   0.013379   0.000148   0.009292   0.033154   
0.000776   0.020284   0.000128   0.005332   0.001975   0.003005   0.003005   0.003005   0.003005   0.006075   0.006073   0.003377   0.000878   0.000246   0.013392   0.000148   0.009289   0.033155   
0.000778   0.020293   0.000128   0.005366   0.001978   0.003005   0.003005   0.003005   0.003005   0.006075   0.006073   0.003397   0.000878   0.000247   0.013434   0.000148   0.009299   0.033155   
0.000778   0.020296   0.000128   0.005364   0.001978   0.003005   0.003005   0.003005   0.003005   0.006075   0.006073   0.003397   0.000877   0.000247   0.013423   0.000148   0.009300   0.033155   
0.000778   0.020293   0.000128   0.005358   0.001978   0.003005   0.003005   0.003005   0.003005   0.006075   0.006073   0.003394   0.000877   0.000247   0.013417   0.000148   0.009298   0.033155   
0.000775   0.020264   0.000128   0.005310   0.001970   0.003005   0.003005   0.003005   0.003005   0.006075   0.006073   0.003369   0.000877   0.000246   0.013383   0.000148   0.009280   0.033155   
0.000771   0.020225   0.000127   0.005259   0.001968   0.003005   0.003005   0.003005   0.003005   0.006075   0.006073   0.003336   0.000877   0.000245   0.013311   0.000148   0.009277   0.033155   
0.000769   0.020207   0.000127   0.005227   0.001966   0.003005   0.003005   0.003005   0.003005   0.006075   0.006073   0.003318   0.000877   0.000244   0.013272   0.000148   0.009269   0.033155   
0.000768   0.020211   0.000127   0.005223   0.001966   0.003005   0.003005   0.003005   0.003005   0.006075   0.006073   0.003315   0.000877   0.000244   0.013258   0.000148   0.009267   0.033156   
0.000768   0.020215   0.000127   0.005226   0.001967   0.003005   0.003005   0.003005   0.003005   0.006075   0.006073   0.003316   0.000877   0.000244   0.013255   0.000148   0.009268   0.033156   
0.000768   0.020217   0.000127   0.005231   0.001967   0.003005   0.003005   0.003005   0.003005   0.006075   0.006073   0.003320   0.000877   0.000244   0.013262   0.000148   0.009270   0.033156   
0.000769   0.020219   0.000127   0.005235   0.001968   0.003005   0.003005   0.003005   0.003005   0.006075   0.006073   0.003322   0.000877   0.000244   0.013266   0.000148   0.009272   0.033156   
0.000769   0.020228   0.000127   0.005245   0.001968   0.003005   0.003005   0.003005   0.003005   0.006075   0.006073   0.003328   0.000877   0.000244   0.013278   0.000148   0.009271   0.033156   
0.000768   0.020218   0.000127   0.005234   0.001967   0.003005   0.003005   0.003005   0.003005   0.006075   0.006073   0.003321   0.000877   0.000244   0.013263   0.000148   0.009270   0.033156   
0.000768   0.020217   0.000127   0.005227   0.001967   0.003005   0.003005   0.003005   0.003005   0.006075   0.006073   0.003317   0.000877   0.000244   0.013254   0.000148   0.009269   0.033156   
0.000769   0.020220   0.000127   0.005241   0.001968   0.003005   0.003005   0.003005   0.003005   0.006075   0.006073   0.003326   0.000877   0.000244   0.013276   0.000148   0.009273   0.033156   
0.000768   0.020215   0.000126   0.005223   0.001967   0.003005   0.003005   0.003005   0.003005   0.006075   0.006073   0.003315   0.000877   0.000244   0.013251   0.000148   0.009268   0.033157   
0.000768   0.020217   0.000127   0.005226   0.001967   0.003005   0.003005   0.003005   0.003005   0.006075   0.006073   0.003316   0.000877   0.000244   0.013253   0.000148   0.009269   0.033157   
0.000768   0.020215   0.000127   0.005225   0.001967   0.003005   0.003005   0.003005   0.003005   0.006075   0.006073   0.003316   0.000877   0.000244   0.013254   0.000148   0.009268   0.033157   
0.000769   0.020216   0.000127   0.005238   0.001968   0.003005   0.003005   0.003005   0.003005   0.006075   0.006073   0.003324   0.000877   0.000244   0.013265   0.000148   0.009273   0.033157   
0.000769   0.020222   0.000127   0.005244   0.001969   0.003005   0.003005   0.003005   0.003005   0.006075   0.006073   0.003327   0.000877   0.000244   0.013267   0.000148   0.009272   0.033157   
0.000767   0.020205   0.000126   0.005216   0.001966   0.003005   0.003005   0.003005   0.003005   0.006075   0.006073   0.003311   0.000877   0.000243   0.013236   0.000148   0.009267   0.033157   
0.000767   0.020206   0.000126   0.005215   0.001966   0.003005   0.003005   0.003005   0.003005   0.006075   0.006073   0.003310   0.000877   0.000243   0.013233   0.000148   0.009267   0.033157   
0.000768   0.020213   0.000127   0.005231   0.001967   0.003005   0.003005   0.003005   0.003005   0.006075   0.006073   0.003319   0.000877   0.000244   0.013252   0.000148   0.009271   0.033157   
0.000767   0.020207   0.000126   0.005222   0.001967   0.003005   0.003005   0.003005   0.003005   0.006075   0.006073   0.003314   0.000877   0.000244   0.013244   0.000148   0.009269   0.033157   
0.000767   0.020206   0.000126   0.005215   0.001966   0.003005   0.003005   0.003005   0.003005   0.006075   0.006073   0.003310   0.000877   0.000243   0.013233   0.000148   0.009267   0.033157   
0.000767   0.020209   0.000126   0.005218   0.001967   0.003005   0.003005   0.003005   0.003005   0.006075   0.006073   0.003312   0.000877   0.000243   0.013237   0.000148   0.009268   0.033158   
0.000769   0.020221   0.000127   0.005244   0.001968   0.003005   0.003005   0.003005   0.003005   0.006075   0.006073   0.003327   0.000877   0.000244   0.013269   0.000148   0.009271   0.033158   
0.000768   0.020212   0.000127   0.005234   0.001968   0.003005   0.003005   0.003005   0.003005   0.006075   0.006073   0.003321   0.000877   0.000244   0.013256   0.000148   0.009272   0.033158   
0.000767   0.020208   0.000126   0.005219   0.001967   0.003005   0.003005   0.003005   0.003005   0.006075   0.006073   0.003312   0.000877   0.000243   0.013238   0.000148   0.009268   0.033158   
0.000767   0.020205   0.000126   0.005215   0.001966   0.003005   0.003005   0.003005   0.003005   0.006075   0.006073   0.003310   0.000877   0.000243   0.013235   0.000148   0.009267   0.033158   
0.000767   0.020206   0.000126   0.005215   0.001966   0.003005   0.003005   0.003005   0.003005   0.006075   0.006073   0.003310   0.000877   0.000243   0.013233   0.000148   0.009267   0.033158   
0.000768   0.020214   0.000127   0.005237   0.001968   0.003005   0.003005   0.003005   0.003005   0.006075   0.006073   0.003323   0.000877   0.000244   0.013262   0.000148   0.009273   0.033158   
0.000767   0.020205   0.000126   0.005215   0.001966   0.003005   0.003005   0.003005   0.003005   0.006075   0.006073   0.003310   0.000877   0.000243   0.013235   0.000148   0.009267   0.033158   
0.000767   0.020212   0.000126   0.005222   0.001967   0.003005   0.003005   0.003005   0.003005   0.006075   0.006073   0.003314   0.000877   0.000243   0.013241   0.000148   0.009268   0.033158   
0.000768   0.020219   0.000127   0.005240   0.001968   0.003005   0.003005   0.003005   0.003005   0.006075   0.006074   0.003324   0.000877   0.000244   0.013263   0.000148   0.009271   0.033158   
0.000768   0.020210   0.000127   0.005231   0.001967   0.003005   0.003005   0.003005   0.003005   0.006075   0.006074   0.003320   0.000877   0.000244   0.013256   0.000148   0.009271   0.033158   
0.000767   0.020208   0.000126   0.005218   0.001967   0.003005   0.003005   0.003005   0.003005   0.006075   0.006074   0.003312   0.000877   0.000243   0.013237   0.000148   0.009268   0.033159   
0.000767   0.020208   0.000126   0.005218   0.001967   0.003005   0.003005   0.003005   0.003005   0.006075   0.006074   0.003312   0.000877   0.000243   0.013238   0.000148   0.009268   0.033159   
0.000767   0.020205   0.000126   0.005215   0.001966   0.003005   0.003005   0.003005   0.003005   0.006075   0.006074   0.003310   0.000877   0.000243   0.013235   0.000148   0.009267   0.033159   
0.000770   0.020233   0.000127   0.005262   0.001969   0.003005   0.003005   0.003005   0.003005   0.006075   0.006074   0.003336   0.000877   0.000244   0.013294   0.000148   0.009274   0.033159   
0.000773   0.020245   0.000127   0.005293   0.001969   0.003005   0.003005   0.003005   0.003005   0.006075   0.006074   0.003353   0.000877   0.000245   0.013341   0.000148   0.009276   0.033159   
0.000773   0.020236   0.000127   0.005293   0.001969   0.003005   0.003005   0.003005   0.003005   0.006075   0.006074   0.003352   0.000877   0.000245   0.013339   0.000148   0.009275   0.033159   
0.000772   0.020240   0.000127   0.005290   0.001969   0.003005   0.003005   0.003005   0.003005   0.006075   0.006074   0.003351   0.000877   0.000245   0.013338   0.000148   0.009276   0.033159   
0.000772   0.020236   0.000127   0.005282   0.001968   0.003005   0.003005   0.003005   0.003005   0.006075   0.006074   0.003346   0.000877   0.000245   0.013328   0.000148   0.009274   0.033159   
0.000773   0.020259   0.000127   0.005303   0.001970   0.003005   0.003005   0.003005   0.003005   0.006075   0.006074   0.003359   0.000877   0.000246   0.013352   0.000148   0.009278   0.033159   
0.000771   0.020234   0.000127   0.005271   0.001968   0.003005   0.003005   0.003005   0.003005   0.006075   0.006074   0.003340   0.000877   0.000245   0.013316   0.000148   0.009272   0.033159   
0.000771   0.020226   0.000127   0.005263   0.001967   0.003005   0.003005   0.003005   0.003005   0.006075   0.006074   0.003336   0.000877   0.000245   0.013307   0.000148   0.009270   0.033159   
0.000770   0.020209   0.000127   0.005247   0.001966   0.003005   0.003005   0.003005   0.003005   0.006075   0.006074   0.003326   0.000877   0.000244   0.013290   0.000148   0.009266   0.033159   
0.000771   0.020226   0.000127   0.005271   0.001967   0.003005   0.003005   0.003005   0.003005   0.006075   0.006074   0.003340   0.000877   0.000245   0.013317   0.000148   0.009271   0.033159   
0.000772   0.020228   0.000127   0.005280   0.001968   0.003005   0.003005   0.003005   0.003005   0.006075   0.006074   0.003344   0.000877   0.000245   0.013327   0.000148   0.009271   0.033160   
0.000770   0.020211   0.000127   0.005252   0.001966   0.003005   0.003005   0.003005   0.003005   0.006075   0.006074   0.003329   0.000877   0.000244   0.013296   0.000148   0.009267   0.033160   
0.000770   0.020209   0.000127   0.005248   0.001966   0.003005   0.003005   0.003005   0.003005   0.006075   0.006074   0.003326   0.000877   0.000244   0.013290   0.000148   0.009266   0.033160   
0.000770   0.020214   0.000127   0.005253   0.001966   0.003005   0.003005   0.003005   0.003005   0.006075   0.006074   0.003329   0.000877   0.000244   0.013296   0.000148   0.009267   0.033160   
0.000771   0.020226   0.000127   0.005270   0.001967   0.003005   0.003005   0.003005   0.003005   0.006075   0.006074   0.003339   0.000877   0.000245   0.013315   0.000148   0.009271   0.033160   
0.000770   0.020209   0.000127   0.005248   0.001966   0.003005   0.003005   0.003005   0.003005   0.006075   0.006074   0.003326   0.000877   0.000244   0.013290   0.000148   0.009266   0.033160   
0.000770   0.020209   0.000127   0.005248   0.001966   0.003005   0.003005   0.003005   0.003005   0.006075   0.006074   0.003326   0.000877   0.000244   0.013290   0.000148   0.009266   0.033160   
0.000770   0.020214   0.000127   0.005255   0.001966   0.003005   0.003005   0.003005   0.003005   0.006075   0.006074   0.003330   0.000877   0.000244   0.013298   0.000148   0.009267   0.033160   
0.000773   0.020240   0.000127   0.005297   0.001969   0.003005   0.003005   0.003005   0.003005   0.006075   0.006074   0.003354   0.000877   0.000245   0.013346   0.000148   0.009275   0.033160   
0.000770   0.020212   0.000127   0.005252   0.001966   0.003005   0.003005   0.003005   0.003005   0.006075   0.006074   0.003329   0.000877   0.000244   0.013295   0.000148   0.009267   0.033160   
0.000770   0.020209   0.000127   0.005247   0.001966   0.003005   0.003005   0.003005   0.003005   0.006075   0.006074   0.003326   0.000877   0.000244   0.013290   0.000148   0.009266   0.033160   
0.000770   0.020210   0.000127   0.005249   0.001966   0.003005   0.003005   0.003005   0.003005   0.006075   0.006074   0.003327   0.000877   0.000244   0.013291   0.000148   0.009266   0.033160   
0.000770   0.020214   0.000127   0.005254   0.001966   0.003005   0.003005   0.003005   0.003005   0.006075   0.006074   0.003330   0.000877   0.000244   0.013298   0.000148   0.009267   0.033160   
0.000771   0.020225   0.000127   0.005268   0.001967   0.003005   0.003005   0.003005   0.003005   0.006075   0.006074   0.003338   0.000877   0.000245   0.013314   0.000148   0.009270   0.033160   
0.000770   0.020209   0.000127   0.005247   0.001966   0.003005   0.003005   0.003005   0.003005   0.006075   0.006074   0.003326   0.000877   0.000244   0.013290   0.000148   0.009266   0.033161   
0.000770   0.020216   0.000127   0.005259   0.001967   0.003005   0.003005   0.003005   0.003005   0.006075   0.006074   0.003333   0.000877   0.000245   0.013302   0.000148   0.009268   0.033161   
0.000771   0.020220   0.000127   0.005270   0.001967   0.003005   0.003005   0.003005   0.003005   0.006076   0.006074   0.003339   0.000877   0.000245   0.013317   0.000148   0.009270   0.033161   
0.000771   0.020227   0.000127   0.005270   0.001967   0.003005   0.003005   0.003005   0.003005   0.006076   0.006074   0.003340   0.000877   0.000245   0.013317   0.000148   0.009270   0.033161   
0.000769   0.020206   0.000127   0.005237   0.001965   0.003005   0.003005   0.003005   0.003005   0.006076   0.006074   0.003320   0.000877   0.000244   0.013276   0.000148   0.009263   0.033161   
0.000769   0.020205   0.000127   0.005236   0.001965   0.003005   0.003005   0.003005   0.003005   0.006076   0.006074   0.003320   0.000877   0.000244   0.013274   0.000148   0.009263   0.033161   
0.000769   0.020208   0.000127   0.005240   0.001965   0.003005   0.003005   0.003005   0.003005   0.006076   0.006074   0.003322   0.000877   0.000244   0.013280   0.000148   0.009263   0.033161   
0.000769   0.020211   0.000127   0.005244   0.001966   0.003005   0.003005   0.003005   0.003005   0.006076   0.006074   0.003324   0.000877   0.000244   0.013284   0.000148   0.009264   0.033161   
0.000770   0.020221   0.000127   0.005260   0.001967   0.003005   0.003005   0.003005   0.003005   0.006076   0.006074   0.003334   0.000877   0.000245   0.013304   0.000148   0.009268   0.033161   
0.000773   0.020247   0.000127   0.005293   0.001966   0.003005   0.003005   0.003005   0.003005   0.006076   0.006074   0.003357   0.000877   0.000245   0.013350   0.000148   0.009266   0.033161   
0.000774   0.020250   0.000128   0.005320   0.001969   0.003005   0.003005   0.003005   0.003005   0.006076   0.006074   0.003369   0.000877   0.000246   0.013367   0.000148   0.009276   0.033161   
0.000773   0.020229   0.000127   0.005299   0.001968   0.003005   0.003005   0.003005   0.003005   0.006076   0.006074   0.003357   0.000877   0.000245   0.013345   0.000148   0.009275   0.033161   
0.000774   0.020230   0.000128   0.005310   0.001969   0.003005   0.003005   0.003005   0.003005   0.006076   0.006074   0.003363   0.000877   0.000246   0.013361   0.000148   0.009277   0.033161   
0.000772   0.020214   0.000127   0.005286   0.001967   0.003005   0.003005   0.003005   0.003005   0.006076   0.006074   0.003349   0.000877   0.000245   0.013333   0.000148   0.009272   0.033161   
0.000772   0.020211   0.000127   0.005282   0.001967   0.003005   0.003005   0.003005   0.003005   0.006076   0.006074   0.003347   0.000877   0.000245   0.013327   0.000148   0.009271   0.033161   
0.000772   0.020211   0.000127   0.005282   0.001967   0.003005   0.003005   0.003005   0.003005   0.006076   0.006074   0.003347   0.000877   0.000245   0.013328   0.000148   0.009271   0.033162   
0.000772   0.020211   0.000127   0.005282   0.001967   0.003005   0.003005   0.003005   0.003005   0.006076   0.006074   0.003347   0.000877   0.000245   0.013328   0.000148   0.009271   0.033162   
0.000773   0.020237   0.000127   0.005303   0.001968   0.003005   0.003005   0.003005   0.003005   0.006076   0.006074   0.003360   0.000877   0.000246   0.013352   0.000148   0.009274   0.033162   
0.000771   0.020219   0.000127   0.005272   0.001966   0.003005   0.003005   0.003005   0.003005   0.006076   0.006074   0.003341   0.000877   0.000245   0.013313   0.000148   0.009266   0.033162   
0.000771   0.020205   0.000127   0.005263   0.001966   0.003005   0.003005   0.003005   0.003005   0.006076   0.006074   0.003335   0.000877   0.000245   0.013303   0.000148   0.009265   0.033162   
0.000771   0.020205   0.000127   0.005263   0.001966   0.003005   0.003005   0.003005   0.003005   0.006076   0.006074   0.003335   0.000877   0.000245   0.013303   0.000148   0.009265   0.033162   
0.000772   0.020220   0.000127   0.005283   0.001967   0.003005   0.003005   0.003005   0.003005   0.006076   0.006074   0.003348   0.000877   0.000245   0.013324   0.000148   0.009270   0.033162   
0.000773   0.020229   0.000127   0.005299   0.001969   0.003005   0.003005   0.003005   0.003005   0.006076   0.006074   0.003358   0.000877   0.000245   0.013340   0.000148   0.009277   0.033162   
0.000772   0.020218   0.000127   0.005286   0.001968   0.003005   0.003005   0.003005   0.003005   0.006076   0.006074   0.003350   0.000877   0.000245   0.013325   0.000148   0.009274   0.033162   
0.000772   0.020219   0.000127   0.005287   0.001968   0.003005   0.003005   0.003005   0.003005   0.006076   0.006074   0.003351   0.000877   0.000245   0.013327   0.000148   0.009275   0.033162   
0.000772   0.020221   0.000127   0.005279   0.001967   0.003005   0.003005   0.003005   0.003005   0.006076   0.006074   0.003347   0.000877   0.000245   0.013316   0.000148   0.009273   0.033162   
0.000774   0.020252   0.000128   0.005315   0.001970   0.003005   0.003005   0.003005   0.003005   0.006076   0.006074   0.003367   0.000877   0.000246   0.013355   0.000148   0.009279   0.033162   
0.000772   0.020215   0.000127   0.005280   0.001968   0.003005   0.003005   0.003005   0.003005   0.006076   0.006074   0.003347   0.000877   0.000245   0.013318   0.000148   0.009273   0.033162   
0.000772   0.020215   0.000127   0.005280   0.001968   0.003005   0.003005   0.003005   0.003005   0.006076   0.006074   0.003347   0.000877   0.000245   0.013318   0.000148   0.009274   0.033162   
0.000771   0.020211   0.000127   0.005263   0.001967   0.003005   0.003005   0.003005   0.003005   0.006076   0.006074   0.003336   0.000877   0.000244   0.013294   0.000148   0.009268   0.033162   
0.000771   0.020214   0.000127   0.005266   0.001967   0.003005   0.003005   0.003005   0.003005   0.006076   0.006074   0.003338   0.000877   0.000244   0.013298   0.000148   0.009269   0.033162   
0.000772   0.020229   0.000127   0.005289   0.001968   0.003005   0.003005   0.003005   0.003005   0.006076   0.006074   0.003352   0.000877   0.000245   0.013326   0.000148   0.009273   0.033163   
0.000770   0.020210   0.000127   0.005260   0.001967   0.003005   0.003005   0.003005   0.003005   0.006076   0.006074   0.003335   0.000877   0.000244   0.013291   0.000148   0.009268   0.033163   
0.000770   0.020213   0.000127   0.005255   0.001966   0.003005   0.003005   0.003005   0.003005   0.006076   0.006074   0.003333   0.000877   0.000244   0.013285   0.000148   0.009267   0.033163   
0.000771   0.020226   0.000127   0.005265   0.001967   0.003005   0.003005   0.003005   0.003005   0.006076   0.006074   0.003338   0.000877   0.000244   0.013296   0.000148   0.009268   0.033163   
0.000772   0.020223   0.000127   0.005280   0.001968   0.003005   0.003005   0.003005   0.003005   0.006076   0.006074   0.003346   0.000877   0.000245   0.013315   0.000148   0.009271   0.033163   
0.000771   0.020219   0.000127   0.005274   0.001967   0.003005   0.003005   0.003005   0.003005   0.006076   0.006074   0.003343   0.000877   0.000245   0.013307   0.000148   0.009270   0.033163   
0.000770   0.020211   0.000127   0.005261   0.001967   0.003005   0.003005   0.003005   0.003005   0.006076   0.006074   0.003336   0.000877   0.000244   0.013292   0.000148   0.009268   0.033163   
0.000770   0.020210   0.000127   0.005261   0.001967   0.003005   0.003005   0.003005   0.003005   0.006076   0.006074   0.003335   0.000877   0.000244   0.013291   0.000148   0.009268   0.033163   
0.000770   0.020210   0.000127   0.005261   0.001967   0.003005   0.003005   0.003005   0.003005   0.006076   0.006074   0.003335   0.000877   0.000244   0.013291   0.000148   0.009268   0.033163   
0.000773   0.020231   0.000127   0.005291   0.001968   0.003005   0.003005   0.003005   0.003005   0.006076   0.006074   0.003353   0.000877   0.000245   0.013329   0.000148   0.009274   0.033163   
0.000770   0.020212   0.000127   0.005257   0.001966   0.003005   0.003005   0.003005   0.003005   0.006076   0.006074   0.003333   0.000877   0.000244   0.013287   0.000148   0.009267   0.033163   
0.000770   0.020227   0.000127   0.005263   0.001966   0.003005   0.003005   0.003005   0.003005   0.006076   0.006074   0.003337   0.000877   0.000244   0.013293   0.000148   0.009268   0.033163   
0.000771   0.020213   0.000127   0.005264   0.001967   0.003005   0.003005   0.003005   0.003005   0.006076   0.006074   0.003337   0.000877   0.000244   0.013295   0.000148   0.009268   0.033163   
0.000771   0.020215   0.000127   0.005267   0.001967   0.003005   0.003005   0.003005   0.003005   0.006076   0.006074   0.003339   0.000877   0.000245   0.013299   0.000148   0.009269   0.033163   
0.000772   0.020227   0.000127   0.005286   0.001968   0.003005   0.003005   0.003005   0.003005   0.006076   0.006074   0.003350   0.000877   0.000245   0.013322   0.000148   0.009273   0.033163   
0.000770   0.020211   0.000127   0.005261   0.001967   0.003005   0.003005   0.003005   0.003005   0.006076   0.006074   0.003335   0.000877   0.000244   0.013292   0.000148   0.009268   0.033164   
0.000770   0.020210   0.000127   0.005261   0.001967   0.003005   0.003005   0.003005   0.003005   0.006076   0.006074   0.003335   0.000877   0.000244   0.013291   0.000148   0.009268   0.033164   
0.000770   0.020210   0.000127   0.005260   0.001966   0.003005   0.003005   0.003005   0.003005   0.006076   0.006074   0.003335   0.000877   0.000244   0.013291   0.000148   0.009268   0.033164   
0.000772   0.020225   0.000127   0.005281   0.001968   0.003005   0.003005   0.003005   0.003005   0.006076   0.006074   0.003347   0.000877   0.000245   0.013316   0.000148   0.009272   0.033164   
0.000771   0.020233   0.000127   0.005268   0.001967   0.003005   0.003005   0.003005   0.003005   0.006076   0.006074   0.003341   0.000877   0.000245   0.013300   0.000148   0.009269   0.033164   
0.000771   0.020214   0.000127   0.005265   0.001967   0.003005   0.003005   0.003005   0.003005   0.006076   0.006074   0.003338   0.000877   0.000244   0.013297   0.000148   0.009269   0.033164   
0.000770   0.020210   0.000127   0.005260   0.001966   0.003005   0.003005   0.003005   0.003005   0.006076   0.006074   0.003335   0.000877   0.000244   0.013291   0.000148   0.009268   0.033164   
0.000770   0.020210   0.000127   0.005260   0.001966   0.003005   0.003005   0.003005   0.003005   0.006076   0.006074   0.003335   0.000877   0.000244   0.013291   0.000148   0.009268   0.033164   
0.000773   0.020232   0.000127   0.005292   0.001969   0.003005   0.003005   0.003005   0.003005   0.006076   0.006074   0.003354   0.000877   0.000245   0.013330   0.000148   0.009274   0.033164   
0.000770   0.020211   0.000127   0.005261   0.001967   0.003005   0.003005   0.003005   0.003005   0.006076   0.006074   0.003335   0.000877   0.000244   0.013292   0.000148   0.009268   0.033164   
0.000771   0.020212   0.000127   0.005263   0.001967   0.003005   0.003005   0.003005   0.003005   0.006076   0.006074   0.003336   0.000877   0.000244   0.013294   0.000148   0.009268   0.033164   
0.000770   0.020211   0.000127   0.005261   0.001967   0.003005   0.003005   0.003005   0.003005   0.006076   0.006074   0.003335   0.000877   0.000244   0.013292   0.000148   0.009268   0.033164   
0.000770   0.020228   0.000127   0.005260   0.001966   0.003005   0.003005   0.003005   0.003005   0.006076   0.006074   0.003336   0.000877   0.000244   0.013290   0.000148   0.009267   0.033164   
0.000773   0.020232   0.000127   0.005291   0.001969   0.003005   0.003005   0.003005   0.003005   0.006076   0.006074   0.003353   0.000877   0.000245   0.013328   0.000148   0.009274   0.033164   
0.000770   0.020210   0.000127   0.005260   0.001967   0.003005   0.003005   0.003005   0.003005   0.006076   0.006074   0.003335   0.000877   0.000244   0.013291   0.000148   0.009268   0.033164   
0.000770   0.020210   0.000127   0.005260   0.001966   0.003005   0.003005   0.003005   0.003005   0.006076   0.006074   0.003335   0.000877   0.000244   0.013291   0.000148   0.009267   0.033164   
0.000770   0.020211   0.000127   0.005261   0.001967   0.003005   0.003005   0.003005   0.003005   0.006076   0.006074   0.003335   0.000877   0.000244   0.013292   0.000148   0.009268   0.033165   
0.000772   0.020228   0.000127   0.005287   0.001968   0.003005   0.003005   0.003005   0.003005   0.006076   0.006074   0.003350   0.000877   0.000245   0.013323   0.000148   0.009273   0.033165   
0.000771   0.020216   0.000127   0.005269   0.001967   0.003005   0.003005   0.003005   0.003005   0.006076   0.006074   0.003340   0.000877   0.000245   0.013302   0.000148   0.009270   0.033165   
0.000770   0.020210   0.000127   0.005260   0.001966   0.003005   0.003005   0.003005   0.003005   0.006076   0.006074   0.003335   0.000877   0.000244   0.013291   0.000148   0.009267   0.033165   
0.000769   0.020219   0.000127   0.005247   0.001965   0.003005   0.003005   0.003005   0.003005   0.006076   0.006074   0.003329   0.000877   0.000244   0.013275   0.000148   0.009265   0.033165   
0.000771   0.020220   0.000127   0.005273   0.001967   0.003005   0.003005   0.003005   0.003005   0.006076   0.006074   0.003342   0.000877   0.000245   0.013305   0.000148   0.009270   0.033165   
0.000774   0.020239   0.000127   0.005311   0.001970   0.003005   0.003005   0.003005   0.003005   0.006076   0.006074   0.003364   0.000877   0.000245   0.013351   0.000148   0.009279   0.033165   
0.000772   0.020220   0.000127   0.005288   0.001968   0.003005   0.003005   0.003005   0.003005   0.006076   0.006074   0.003351   0.000877   0.000245   0.013327   0.000148   0.009275   0.033165   
0.000772   0.020218   0.000127   0.005285   0.001968   0.003005   0.003005   0.003005   0.003005   0.006076   0.006074   0.003350   0.000877   0.000245   0.013325   0.000148   0.009275   0.033165   
0.000772   0.020219   0.000127   0.005286   0.001968   0.003005   0.003005   0.003005   0.003005   0.006076   0.006074   0.003350   0.000877   0.000245   0.013326   0.000148   0.009275   0.033165   
0.000773   0.020226   0.000127   0.005295   0.001969   0.003005   0.003005   0.003005   0.003005   0.006076   0.006074   0.003356   0.000877   0.000245   0.013335   0.000148   0.009276   0.033165   
0.000773   0.020229   0.000127   0.005296   0.001969   0.003005   0.003005   0.003005   0.003005   0.006076   0.006074   0.003356   0.000877   0.000245   0.013335   0.000148   0.009276   0.033165   
0.000771   0.020223   0.000127   0.005266   0.001966   0.003005   0.003005   0.003005   0.003005   0.006076   0.006074   0.003340   0.000877   0.000245   0.013301   0.000148   0.009270   0.033165   
0.000772   0.020225   0.000127   0.005286   0.001968   0.003005   0.003005   0.003005   0.003005   0.006076   0.006074   0.003350   0.000877   0.000245   0.013322   0.000148   0.009274   0.033165   
0.000770   0.020211   0.000127   0.005261   0.001967   0.003005   0.003005   0.003005   0.003005   0.006076   0.006074   0.003335   0.000877   0.000244   0.013292   0.000148   0.009268   0.033165   
0.000772   0.020229   0.000127   0.005289   0.001968   0.003005   0.003005   0.003005   0.003005   0.006076   0.006074   0.003351   0.000877   0.000245   0.013325   0.000148   0.009273   0.033165   
0.000771   0.020212   0.000127   0.005263   0.001967   0.003005   0.003005   0.003005   0.003005   0.006076   0.006074   0.003337   0.000877   0.000244   0.013295   0.000148   0.009268   0.033166   
0.000770   0.020210   0.000127   0.005260   0.001967   0.003005   0.003005   0.003005   0.003005   0.006076   0.006074   0.003335   0.000877   0.000244   0.013291   0.000148   0.009268   0.033166   
0.000770   0.020211   0.000127   0.005261   0.001967   0.003005   0.003005   0.003005   0.003005   0.006076   0.006074   0.003335   0.000877   0.000244   0.013291   0.000148   0.009268   0.033166   
0.000770   0.020211   0.000127   0.005260   0.001967   0.003005   0.003005   0.003005   0.003005   0.006076   0.006074   0.003335   0.000877   0.000244   0.013291   0.000148   0.009268   0.033166   
0.000772   0.020240   0.000127   0.005282   0.001968   0.003005   0.003005   0.003005   0.003005   0.006076   0.006074   0.003349   0.000877   0.000245   0.013318   0.000148   0.009272   0.033166   
0.000771   0.020222   0.000127   0.005271   0.001967   0.003005   0.003005   0.003005   0.003005   0.006076   0.006074   0.003341   0.000877   0.000245   0.013303   0.000148   0.009270   0.033166   
0.000770   0.020211   0.000127   0.005261   0.001967   0.003005   0.003005   0.003005   0.003005   0.006076   0.006074   0.003335   0.000877   0.000244   0.013292   0.000148   0.009268   0.033166   
0.000770   0.020211   0.000127   0.005261   0.001967   0.003005   0.003005   0.003005   0.003005   0.006076   0.006074   0.003335   0.000877   0.000244   0.013292   0.000148   0.009268   0.033166   
0.000771   0.020221   0.000127   0.005276   0.001967   0.003005   0.003005   0.003005   0.003005   0.006076   0.006074   0.003344   0.000877   0.000245   0.013310   0.000148   0.009271   0.033166   
0.000771   0.020221   0.000127   0.005276   0.001967   0.003005   0.003005   0.003005   0.003005   0.006076   0.006074   0.003344   0.000877   0.000245   0.013310   0.000148   0.009271   0.033166   
0.000770   0.020212   0.000127   0.005262   0.001967   0.003005   0.003005   0.003005   0.003005   0.006076   0.006074   0.003336   0.000877   0.000244   0.013293   0.000148   0.009268   0.033166   
0.000771   0.020212   0.000127   0.005262   0.001967   0.003005   0.003005   0.003005   0.003005   0.006076   0.006074   0.003336   0.000877   0.000244   0.013294   0.000148   0.009268   0.033166   
0.000771   0.020225   0.000127   0.005269   0.001967   0.003005   0.003005   0.003005   0.003005   0.006076   0.006074   0.003341   0.000877   0.000245   0.013301   0.000148   0.009268   0.033166   
0.000775   0.020254   0.000128   0.005325   0.001971   0.003005   0.003005   0.003005   0.003005   0.006076   0.006074   0.003373   0.000877   0.000246   0.013367   0.000148   0.009281   0.033166   
0.000772   0.020217   0.000127   0.005280   0.001968   0.003006   0.003006   0.003006   0.003006   0.006076   0.006074   0.003347   0.000877   0.000245   0.013317   0.000148   0.009274   0.033166   
0.000772   0.020217   0.000127   0.005280   0.001968   0.003006   0.003006   0.003006   0.003006   0.006076   0.006075   0.003347   0.000877   0.000245   0.013317   0.000148   0.009274   0.033166   
0.000772   0.020218   0.000127   0.005282   0.001968   0.003006   0.003006   0.003006   0.003006   0.006076   0.006075   0.003348   0.000877   0.000245   0.013319   0.000148   0.009274   0.033167   
0.000772   0.020221   0.000127   0.005286   0.001968   0.003006   0.003006   0.003006   0.003006   0.006076   0.006075   0.003350   0.000877   0.000245   0.013323   0.000148   0.009275   0.033167   
0.000774   0.020234   0.000127   0.005307   0.001969   0.003006   0.003006   0.003006   0.003006   0.006076   0.006075   0.003362   0.000877   0.000245   0.013349   0.000148   0.009280   0.033167   
0.000772   0.020217   0.000127   0.005280   0.001968   0.003006   0.003006   0.003006   0.003006   0.006076   0.006075   0.003347   0.000877   0.000245   0.013317   0.000148   0.009274   0.033167   
0.000771   0.020219   0.000127   0.005265   0.001967   0.003006   0.003006   0.003006   0.003006   0.006076   0.006075   0.003339   0.000877   0.000244   0.013297   0.000148   0.009270   0.033167   
0.000771   0.020224   0.000127   0.005270   0.001967   0.003006   0.003006   0.003006   0.003006   0.006076   0.006075   0.003341   0.000877   0.000245   0.013302   0.000148   0.009269   0.033167   
0.000772   0.020227   0.000127   0.005285   0.001968   0.003006   0.003006   0.003006   0.003006   0.006076   0.006075   0.003349   0.000877   0.000245   0.013321   0.000148   0.009273   0.033167   
0.000771   0.020218   0.000127   0.005271   0.001967   0.003006   0.003006   0.003006   0.003006   0.006076   0.006075   0.003341   0.000877   0.000245   0.013304   0.000148   0.009270   0.033167   
0.000770   0.020211   0.000127   0.005260   0.001967   0.003006   0.003006   0.003006   0.003006   0.006076   0.006075   0.003335   0.000877   0.000244   0.013291   0.000148   0.009268   0.033167   
0.000770   0.020211   0.000127   0.005260   0.001966   0.003006   0.003006   0.003006   0.003006   0.006076   0.006075   0.003335   0.000877   0.000244   0.013291   0.000148   0.009268   0.033167   
0.000770   0.020211   0.000127   0.005261   0.001967   0.003006   0.003006   0.003006   0.003006   0.006076   0.006075   0.003335   0.000877   0.000244   0.013292   0.000148   0.009268   0.033167   
0.000773   0.020232   0.000127   0.005292   0.001969   0.003006   0.003006   0.003006   0.003006   0.006076   0.006075   0.003354   0.000877   0.000245   0.013330   0.000148   0.009275   0.033167   
0.000770   0.020214   0.000127   0.005253   0.001966   0.003006   0.003006   0.003006   0.003006   0.006076   0.006075   0.003331   0.000877   0.000244   0.013281   0.000148   0.009266   0.033167   
0.000771   0.020227   0.000127   0.005271   0.001967   0.003006   0.003006   0.003006   0.003006   0.006076   0.006075   0.003341   0.000877   0.000245   0.013303   0.000148   0.009269   0.033167   
0.000770   0.020211   0.000127   0.005260   0.001967   0.003006   0.003006   0.003006   0.003006   0.006076   0.006075   0.003335   0.000877   0.000244   0.013292   0.000148   0.009268   0.033167   
0.000560   0.014692   0.000092   0.003823   0.001430   0.002185   0.002185   0.002185   0.002185   0.004418   0.004416   0.002424   0.000638   0.000178   0.009661   0.000107   0.006738   0.024113   