0.079099
0.079156
0.078783
0.078301
0.078824
0.078434
0.078317
0.078405
0.078317
0.078318
0.078323
0.078322
0.078324
0.078323
0.078318
0.078328
0.078323
0.078328
0.078329
0.078327
0.078322
0.078329
0.078322
0.078329
0.078328
0.079270
0.083652
0.083653
0.083655
0.083656
0.083660
0.083662
0.083663
0.083659
0.083662
0.083722
0.084702
0.084703
0.084701
0.082474
0.080116
0.080030
0.079993
0.080114
0.080104
0.080084
0.079918
0.079712
0.079592
0.079572
0.079579
0.079599
0.079615
0.079651
0.079605
0.079583
0.079637
0.079570
0.079580
0.079577
0.079617
0.079634
0.079530
0.079526
0.079585
0.079553
0.079526
0.079540
0.079633
0.079595
0.079541
0.079527
0.079526
0.079609
0.079527
0.079553
0.079618
0.079588
0.079540
0.079541
0.079528
0.079703
0.079816
0.079803
0.079802
0.079772
0.079861
0.079738
0.079706
0.079639
0.079729
0.079756
0.079656
0.079640
0.079660
0.079725
0.079640
0.079640
0.079665
0.079820
0.079656
0.079639
0.079644
0.079664
0.079719
0.079639
0.079681
0.079721
0.079729
0.079602
0.079598
0.079613
0.079628
0.079691
0.079819
0.079894
0.079813
0.079853
0.079760
0.079744
0.079745
0.079745
0.079835
0.079715
0.079675
0.079675
0.079751
0.079812
0.079760
0.079766
0.079742
0.079881
0.079740
0.079741
0.079676
0.079689
0.079776
0.079667
0.079655
0.079697
0.079742
0.079718
0.079671
0.079668
0.079668
0.079786
0.079658
0.079690
0.079681
0.079694
0.079765
0.079670
0.079668
0.079666
0.079748
0.079716
0.079687
0.079666
0.079666
0.079791
0.079670
0.079677
0.079670
0.079683
0.079787
0.079667
0.079665
0.079670
0.079768
0.079702
0.079665
0.079635
0.079715
0.079855
0.079768
0.079760
0.079763
0.079797
0.079801
0.079704
0.079764
0.079670
0.079774
0.079679
0.079667
0.079669
0.079668
0.079768
0.079712
0.079670
0.079670
0.079727
0.079727
0.079674
0.079676
0.079709
0.079915
0.079746
0.079747
0.079753
0.079767
0.079847
0.079747
0.079699
0.079716
0.079767
0.079714
0.079673
0.079672
0.079675
0.079797
0.079652
0.079721
0.079674
0.057917
