0.085938
0.086277
0.086310
0.086309
0.086322
0.086330
0.086323
0.086330
0.086353
0.089288
0.096358
0.095365
0.095782
0.095317
0.095140
0.095284
0.095603
0.095586
0.095524
0.095757
0.096144
0.095265
0.095215
0.095260
0.095321
0.095285
0.094568
0.094650
0.094788
0.095175
0.094085
0.094117
0.094675
0.094421
0.095091
0.094991
0.093601
0.087560
0.087558
0.087455
0.087503
0.087285
0.087458
0.096806
0.097507
0.096412
0.095570
0.096464
0.097235
0.095059
0.097415
0.096174
0.097174
0.094990
0.096918
0.095144
0.097315
0.095536
0.097851
0.095459
0.098077
0.095269
0.098190
0.094734
0.097950
0.095547
0.096913
0.096183
0.096702
0.097214
0.095259
0.095422
0.096487
0.095042
0.096025
0.096403
0.095606
0.095975
0.095686
0.094987
0.094799
0.095031
0.095239
0.095605
0.095073
0.095086
0.095696
0.095571
0.094159
0.094344
0.095035
0.093553
0.095018
0.094534
0.095590
0.095059
0.095612
0.094432
0.095531
0.095444
0.095425
0.095157
0.095768
0.097194
0.096208
0.095535
0.096106
0.096055
0.095113
0.095509
0.096803
0.096238
0.095745
0.095738
0.096177
0.094992
0.095617
0.095415
0.095363
0.094491
0.095095
0.094898
0.094583
0.094847
0.094092
0.094935
0.095046
0.095090
0.095073
0.088234
0.086796
0.086899
0.086773
0.086862
0.086928
0.086891
0.086881
0.086861
0.096906
0.096513
0.095871
0.095581
0.095768
0.095688
0.096486
0.095914
0.095881
0.095963
0.095888
0.095115
0.095578
0.095621
0.095518
0.094621
0.095457
0.094902
0.094966
0.093710
0.094703
0.095111
0.094904
0.095205
0.094465
0.086762
0.086766
0.086826
0.086818
0.086897
0.086893
0.086881
0.086892
0.086428
0.096855
0.097460
0.097504
0.095884
0.097079
0.097988
0.095976
0.097428
0.097028
0.096547
0.095535
0.095349
0.096911
0.096043
0.096713
0.097068
0.096254
0.097274
0.095466
0.097574
0.095398
0.097531
0.095308
0.097548
0.095088
0.097068
0.096719
0.095238
0.096574
0.095742
0.095498
0.095899
0.095639
0.096901
0.095875
0.095849
0.095782
0.094954
0.095648
0.095389
0.095473
0.096172
0.068022
