0.000954   0.020467   0.000157   0.007317   0.001897   0.002997   0.002997   0.002997   0.002997   0.006060   0.006059   0.004241   0.001015   0.000300   0.016278   0.000144   0.009061   0.033164   
0.000963   0.020544   0.000159   0.007392   0.001874   0.003001   0.003001   0.003001   0.003001   0.006067   0.006066   0.004284   0.001019   0.000303   0.016437   0.000144   0.009021   0.033140   
0.000963   0.020558   0.000159   0.007401   0.001873   0.003002   0.003002   0.003002   0.003002   0.006070   0.006069   0.004288   0.001019   0.000303   0.016435   0.000144   0.009020   0.033144   
0.000963   0.020552   0.000159   0.007392   0.001875   0.003003   0.003003   0.003003   0.003003   0.006072   0.006070   0.004285   0.001019   0.000303   0.016440   0.000144   0.009023   0.033147   
0.000963   0.020556   0.000159   0.007396   0.001876   0.003003   0.003003   0.003003   0.003003   0.006072   0.006071   0.004287   0.001019   0.000303   0.016438   0.000144   0.009026   0.033150   
0.000963   0.020558   0.000159   0.007394   0.001875   0.003004   0.003004   0.003004   0.003004   0.006073   0.006071   0.004287   0.001018   0.000303   0.016445   0.000144   0.009024   0.033151   
0.000963   0.020552   0.000159   0.007392   0.001875   0.003004   0.003004   0.003004   0.003004   0.006073   0.006071   0.004286   0.001018   0.000303   0.016448   0.000144   0.009023   0.033153   
0.000963   0.020554   0.000159   0.007391   0.001876   0.003004   0.003004   0.003004   0.003004   0.006073   0.006071   0.004287   0.001018   0.000303   0.016449   0.000144   0.009026   0.033154   
0.000963   0.020563   0.000159   0.007402   0.001875   0.003004   0.003004   0.003004   0.003004   0.006073   0.006071   0.004291   0.001019   0.000303   0.016450   0.000144   0.009024   0.033155   
0.000993   0.020229   0.000164   0.008619   0.002173   0.003004   0.003004   0.003004   0.003004   0.006073   0.006071   0.004888   0.000936   0.000308   0.016693   0.000159   0.009966   0.033285   
0.001124   0.021568   0.000185   0.009770   0.002167   0.003004   0.003004   0.003004   0.003004   0.006073   0.006072   0.005856   0.000874   0.000360   0.019527   0.000169   0.010597   0.033163   
0.001108   0.021514   0.000183   0.009334   0.002120   0.003004   0.003004   0.003004   0.003004   0.006073   0.006072   0.005688   0.000874   0.000357   0.019366   0.000167   0.010493   0.033146   
0.001121   0.021432   0.000185   0.009506   0.002122   0.003004   0.003004   0.003004   0.003004   0.006074   0.006072   0.005787   0.000874   0.000361   0.019562   0.000167   0.010503   0.033147   
0.001109   0.021482   0.000183   0.009318   0.002118   0.003004   0.003004   0.003004   0.003004   0.006074   0.006072   0.005683   0.000874   0.000358   0.019382   0.000167   0.010481   0.033148   
0.001110   0.021303   0.000183   0.009257   0.002115   0.003004   0.003004   0.003004   0.003004   0.006074   0.006072   0.005673   0.000874   0.000359   0.019464   0.000167   0.010473   0.033148   
0.001108   0.021449   0.000182   0.009280   0.002124   0.003004   0.003004   0.003004   0.003004   0.006074   0.006072   0.005669   0.000874   0.000358   0.019392   0.000168   0.010518   0.033150   
0.001112   0.021528   0.000183   0.009405   0.002124   0.003004   0.003004   0.003004   0.003004   0.006074   0.006072   0.005727   0.000874   0.000359   0.019447   0.000168   0.010514   0.033150   
0.001114   0.021451   0.000184   0.009415   0.002124   0.003004   0.003004   0.003004   0.003004   0.006074   0.006072   0.005736   0.000874   0.000360   0.019484   0.000168   0.010514   0.033153   
0.001115   0.021370   0.000184   0.009408   0.002123   0.003004   0.003004   0.003004   0.003004   0.006074   0.006072   0.005738   0.000874   0.000360   0.019510   0.000167   0.010513   0.033152   
0.001113   0.021553   0.000183   0.009462   0.002135   0.003004   0.003004   0.003004   0.003004   0.006074   0.006072   0.005752   0.000874   0.000358   0.019427   0.000168   0.010570   0.033152   
0.001124   0.021499   0.000185   0.009653   0.002134   0.003004   0.003004   0.003004   0.003004   0.006074   0.006072   0.005850   0.000874   0.000361   0.019571   0.000168   0.010563   0.033153   
0.001111   0.021409   0.000183   0.009336   0.002113   0.003004   0.003004   0.003004   0.003004   0.006074   0.006073   0.005693   0.000874   0.000358   0.019401   0.000167   0.010457   0.033154   
0.001108   0.021445   0.000183   0.009304   0.002111   0.003005   0.003005   0.003005   0.003005   0.006074   0.006073   0.005675   0.000874   0.000358   0.019375   0.000166   0.010449   0.033154   
0.001104   0.021535   0.000182   0.009318   0.002119   0.003005   0.003005   0.003005   0.003005   0.006074   0.006073   0.005670   0.000874   0.000356   0.019275   0.000167   0.010493   0.033154   
0.001111   0.021452   0.000183   0.009330   0.002111   0.003005   0.003005   0.003005   0.003005   0.006074   0.006073   0.005688   0.000874   0.000359   0.019431   0.000166   0.010449   0.033155   
0.001111   0.021412   0.000183   0.009328   0.002111   0.003005   0.003005   0.003005   0.003005   0.006075   0.006073   0.005689   0.000874   0.000359   0.019436   0.000166   0.010448   0.033156   
0.001099   0.021312   0.000181   0.009012   0.002105   0.003005   0.003005   0.003005   0.003005   0.006075   0.006073   0.005544   0.000874   0.000357   0.019328   0.000166   0.010422   0.033156   
0.001101   0.021269   0.000181   0.009082   0.002108   0.003005   0.003005   0.003005   0.003005   0.006075   0.006073   0.005574   0.000874   0.000357   0.019335   0.000166   0.010435   0.033156   
0.001104   0.021315   0.000182   0.009120   0.002108   0.003005   0.003005   0.003005   0.003005   0.006075   0.006073   0.005599   0.000874   0.000357   0.019359   0.000166   0.010436   0.033157   
0.001107   0.021477   0.000182   0.009262   0.002109   0.003005   0.003005   0.003005   0.003005   0.006075   0.006073   0.005653   0.000874   0.000358   0.019381   0.000166   0.010438   0.033157   
0.001092   0.021212   0.000180   0.008800   0.002107   0.003005   0.003005   0.003005   0.003005   0.006075   0.006073   0.005454   0.000874   0.000355   0.019245   0.000166   0.010432   0.033158   
0.001090   0.021223   0.000180   0.008847   0.002110   0.003005   0.003005   0.003005   0.003005   0.006075   0.006073   0.005463   0.000874   0.000354   0.019195   0.000166   0.010447   0.033157   
0.001099   0.021312   0.000181   0.009061   0.002114   0.003005   0.003005   0.003005   0.003005   0.006075   0.006073   0.005565   0.000874   0.000356   0.019313   0.000167   0.010465   0.033158   
0.001098   0.021245   0.000181   0.008989   0.002099   0.003005   0.003005   0.003005   0.003005   0.006075   0.006073   0.005534   0.000874   0.000356   0.019317   0.000166   0.010394   0.033158   
0.001101   0.021543   0.000181   0.009229   0.002114   0.003005   0.003005   0.003005   0.003005   0.006075   0.006073   0.005627   0.000874   0.000356   0.019272   0.000167   0.010459   0.033159   
0.001100   0.021506   0.000181   0.009165   0.002117   0.003005   0.003005   0.003005   0.003005   0.006075   0.006073   0.005605   0.000874   0.000356   0.019271   0.000167   0.010481   0.033159   
0.001074   0.021507   0.000177   0.008902   0.002082   0.003005   0.003005   0.003005   0.003005   0.006075   0.006073   0.005376   0.000894   0.000345   0.018699   0.000163   0.010214   0.033168   
0.000970   0.020830   0.000160   0.007685   0.001975   0.003005   0.003005   0.003005   0.003005   0.006075   0.006073   0.004447   0.000985   0.000305   0.016529   0.000149   0.009357   0.033199   
0.000969   0.020858   0.000160   0.007677   0.001976   0.003005   0.003005   0.003005   0.003005   0.006075   0.006073   0.004443   0.000985   0.000304   0.016511   0.000149   0.009358   0.033199   
0.000971   0.020770   0.000160   0.007672   0.001963   0.003005   0.003005   0.003005   0.003005   0.006075   0.006073   0.004437   0.000990   0.000305   0.016551   0.000148   0.009320   0.033198   
0.000972   0.020774   0.000160   0.007684   0.001965   0.003005   0.003005   0.003005   0.003005   0.006075   0.006073   0.004443   0.000990   0.000305   0.016566   0.000149   0.009327   0.033198   
0.000973   0.020661   0.000160   0.007648   0.001945   0.003005   0.003005   0.003005   0.003005   0.006075   0.006073   0.004419   0.000997   0.000306   0.016590   0.000148   0.009270   0.033195   
0.000946   0.020737   0.000156   0.007916   0.002056   0.003005   0.003005   0.003005   0.003005   0.006075   0.006073   0.004590   0.000928   0.000294   0.015960   0.000152   0.009555   0.033332   
0.001117   0.022015   0.000184   0.009781   0.002151   0.003005   0.003005   0.003005   0.003005   0.006075   0.006073   0.005909   0.000874   0.000359   0.019430   0.000170   0.010648   0.033158   
0.001139   0.021711   0.000188   0.010091   0.002180   0.003005   0.003005   0.003005   0.003005   0.006075   0.006073   0.006079   0.000874   0.000364   0.019740   0.000172   0.010801   0.033158   
0.001113   0.021889   0.000183   0.009578   0.002152   0.003005   0.003005   0.003005   0.003005   0.006075   0.006073   0.005828   0.000874   0.000359   0.019438   0.000170   0.010660   0.033159   
0.001114   0.021350   0.000184   0.009404   0.002139   0.003005   0.003005   0.003005   0.003005   0.006075   0.006074   0.005761   0.000874   0.000359   0.019446   0.000169   0.010601   0.033159   
0.001118   0.021823   0.000184   0.009644   0.002143   0.003005   0.003005   0.003005   0.003005   0.006075   0.006074   0.005866   0.000874   0.000360   0.019501   0.000169   0.010613   0.033159   
0.001141   0.021603   0.000188   0.009987   0.002162   0.003005   0.003005   0.003005   0.003005   0.006075   0.006074   0.006047   0.000874   0.000366   0.019817   0.000171   0.010710   0.033159   
0.001097   0.021543   0.000181   0.009076   0.002136   0.003005   0.003005   0.003005   0.003005   0.006075   0.006074   0.005603   0.000874   0.000356   0.019272   0.000169   0.010583   0.033160   
0.001142   0.021616   0.000188   0.010029   0.002175   0.003005   0.003005   0.003005   0.003005   0.006075   0.006074   0.006069   0.000874   0.000366   0.019839   0.000172   0.010776   0.033160   
0.001109   0.021931   0.000183   0.009486   0.002147   0.003005   0.003005   0.003005   0.003005   0.006075   0.006074   0.005781   0.000874   0.000357   0.019340   0.000169   0.010628   0.033160   
0.001140   0.021551   0.000188   0.009959   0.002164   0.003005   0.003005   0.003005   0.003005   0.006075   0.006074   0.006039   0.000874   0.000366   0.019830   0.000171   0.010723   0.033160   
0.001103   0.021342   0.000182   0.009117   0.002127   0.003005   0.003005   0.003005   0.003005   0.006075   0.006074   0.005631   0.000874   0.000358   0.019383   0.000168   0.010536   0.033161   
0.001135   0.021540   0.000187   0.009845   0.002162   0.003005   0.003005   0.003005   0.003005   0.006075   0.006074   0.005983   0.000874   0.000365   0.019774   0.000171   0.010713   0.033161   
0.001100   0.021487   0.000181   0.009122   0.002139   0.003005   0.003005   0.003005   0.003005   0.006075   0.006074   0.005627   0.000874   0.000357   0.019322   0.000169   0.010597   0.033161   
0.001138   0.021665   0.000187   0.009989   0.002178   0.003005   0.003005   0.003005   0.003005   0.006075   0.006074   0.006043   0.000874   0.000364   0.019747   0.000172   0.010789   0.033161   
0.001101   0.021693   0.000181   0.009288   0.002141   0.003005   0.003005   0.003005   0.003005   0.006076   0.006074   0.005688   0.000874   0.000356   0.019272   0.000169   0.010603   0.033161   
0.001142   0.021903   0.000188   0.010112   0.002188   0.003005   0.003005   0.003005   0.003005   0.006076   0.006074   0.006103   0.000874   0.000365   0.019802   0.000173   0.010831   0.033162   
0.001107   0.021471   0.000182   0.009268   0.002138   0.003005   0.003005   0.003005   0.003005   0.006076   0.006074   0.005697   0.000874   0.000359   0.019432   0.000169   0.010592   0.033162   
0.001143   0.021992   0.000188   0.010198   0.002196   0.003005   0.003005   0.003005   0.003005   0.006076   0.006074   0.006133   0.000874   0.000365   0.019770   0.000173   0.010875   0.033162   
0.001107   0.021347   0.000182   0.009191   0.002135   0.003005   0.003005   0.003005   0.003005   0.006076   0.006074   0.005671   0.000874   0.000360   0.019482   0.000169   0.010581   0.033162   
0.001151   0.021854   0.000190   0.010283   0.002189   0.003005   0.003005   0.003005   0.003005   0.006076   0.006074   0.006188   0.000874   0.000368   0.019912   0.000173   0.010838   0.033162   
0.001100   0.021209   0.000181   0.009020   0.002128   0.003005   0.003005   0.003005   0.003005   0.006076   0.006074   0.005589   0.000874   0.000358   0.019392   0.000168   0.010545   0.033162   
0.001138   0.022063   0.000187   0.010187   0.002186   0.003005   0.003005   0.003005   0.003005   0.006076   0.006074   0.006114   0.000874   0.000363   0.019670   0.000173   0.010825   0.033162   
0.001100   0.021709   0.000181   0.009267   0.002148   0.003005   0.003005   0.003005   0.003005   0.006076   0.006074   0.005677   0.000874   0.000355   0.019254   0.000170   0.010642   0.033162   
0.001133   0.021661   0.000187   0.009819   0.002160   0.003005   0.003005   0.003005   0.003005   0.006076   0.006074   0.005968   0.000874   0.000364   0.019711   0.000170   0.010696   0.033163   
0.001119   0.021553   0.000184   0.009582   0.002148   0.003005   0.003005   0.003005   0.003005   0.006076   0.006074   0.005846   0.000874   0.000361   0.019536   0.000170   0.010640   0.033163   
0.001133   0.021591   0.000187   0.009806   0.002133   0.003005   0.003005   0.003005   0.003005   0.006076   0.006074   0.005966   0.000874   0.000364   0.019749   0.000168   0.010561   0.033163   
0.001134   0.021806   0.000187   0.009896   0.002160   0.003005   0.003005   0.003005   0.003005   0.006076   0.006074   0.006004   0.000874   0.000365   0.019755   0.000170   0.010693   0.033163   
0.001102   0.021551   0.000182   0.009229   0.002133   0.003005   0.003005   0.003005   0.003005   0.006076   0.006074   0.005667   0.000874   0.000355   0.019261   0.000168   0.010567   0.033163   
0.001104   0.021559   0.000182   0.009244   0.002135   0.003005   0.003005   0.003005   0.003005   0.006076   0.006074   0.005681   0.000874   0.000357   0.019374   0.000168   0.010574   0.033163   
0.001122   0.021692   0.000185   0.009608   0.002151   0.003005   0.003005   0.003005   0.003005   0.006076   0.006074   0.005864   0.000874   0.000362   0.019637   0.000170   0.010652   0.033163   
0.001103   0.021345   0.000182   0.009107   0.002134   0.003005   0.003005   0.003005   0.003005   0.006076   0.006074   0.005628   0.000874   0.000358   0.019400   0.000168   0.010573   0.033163   
0.001106   0.021867   0.000182   0.009455   0.002148   0.003005   0.003005   0.003005   0.003005   0.006076   0.006074   0.005762   0.000874   0.000356   0.019299   0.000169   0.010637   0.033163   
0.001120   0.021785   0.000184   0.009609   0.002143   0.003005   0.003005   0.003005   0.003005   0.006076   0.006074   0.005858   0.000874   0.000360   0.019521   0.000169   0.010610   0.033164   
0.001105   0.021656   0.000182   0.009285   0.002139   0.003005   0.003005   0.003005   0.003005   0.006076   0.006074   0.005697   0.000874   0.000358   0.019379   0.000169   0.010592   0.033164   
0.001113   0.021675   0.000183   0.009434   0.002142   0.003005   0.003005   0.003005   0.003005   0.006076   0.006074   0.005776   0.000874   0.000359   0.019475   0.000169   0.010605   0.033164   
0.001110   0.021558   0.000183   0.009353   0.002137   0.003005   0.003005   0.003005   0.003005   0.006076   0.006074   0.005736   0.000874   0.000359   0.019453   0.000169   0.010584   0.033164   
0.001097   0.021549   0.000181   0.009029   0.002132   0.003005   0.003005   0.003005   0.003005   0.006076   0.006074   0.005583   0.000874   0.000356   0.019290   0.000168   0.010558   0.033164   
0.001095   0.021443   0.000180   0.008992   0.002131   0.003005   0.003005   0.003005   0.003005   0.006076   0.006074   0.005563   0.000874   0.000356   0.019268   0.000168   0.010559   0.033164   
0.001101   0.021411   0.000181   0.009130   0.002126   0.003005   0.003005   0.003005   0.003005   0.006076   0.006074   0.005630   0.000874   0.000357   0.019352   0.000168   0.010531   0.033164   
0.001103   0.021484   0.000182   0.009165   0.002135   0.003005   0.003005   0.003005   0.003005   0.006076   0.006074   0.005650   0.000874   0.000358   0.019378   0.000168   0.010572   0.033164   
0.001106   0.021619   0.000182   0.009316   0.002135   0.003005   0.003005   0.003005   0.003005   0.006076   0.006074   0.005714   0.000874   0.000358   0.019388   0.000168   0.010575   0.033164   
0.001097   0.021603   0.000181   0.009093   0.002132   0.003005   0.003005   0.003005   0.003005   0.006076   0.006074   0.005603   0.000874   0.000355   0.019236   0.000168   0.010561   0.033164   
0.001108   0.021267   0.000183   0.009168   0.002119   0.003005   0.003005   0.003005   0.003005   0.006076   0.006074   0.005665   0.000874   0.000360   0.019506   0.000167   0.010499   0.033165   
0.001106   0.021717   0.000182   0.009308   0.002137   0.003005   0.003005   0.003005   0.003005   0.006076   0.006074   0.005712   0.000874   0.000358   0.019380   0.000169   0.010583   0.033165   
0.001105   0.021656   0.000182   0.009264   0.002137   0.003005   0.003005   0.003005   0.003005   0.006076   0.006074   0.005693   0.000874   0.000358   0.019383   0.000169   0.010580   0.033165   
0.001097   0.021050   0.000181   0.008824   0.002110   0.003005   0.003005   0.003005   0.003005   0.006076   0.006074   0.005509   0.000874   0.000357   0.019362   0.000167   0.010458   0.033165   
0.001091   0.021287   0.000180   0.008771   0.002130   0.003005   0.003005   0.003005   0.003005   0.006076   0.006074   0.005475   0.000874   0.000356   0.019290   0.000168   0.010552   0.033165   
0.001094   0.021593   0.000180   0.009091   0.002137   0.003005   0.003005   0.003005   0.003005   0.006076   0.006074   0.005595   0.000874   0.000354   0.019195   0.000169   0.010583   0.033165   
0.001082   0.020981   0.000178   0.008536   0.002120   0.003005   0.003005   0.003005   0.003005   0.006076   0.006074   0.005362   0.000874   0.000355   0.019218   0.000167   0.010510   0.033165   
0.001099   0.021427   0.000181   0.009094   0.002134   0.003005   0.003005   0.003005   0.003005   0.006076   0.006074   0.005613   0.000874   0.000357   0.019330   0.000168   0.010571   0.033165   
0.001093   0.021285   0.000180   0.008863   0.002135   0.003005   0.003005   0.003005   0.003005   0.006076   0.006074   0.005512   0.000874   0.000356   0.019320   0.000169   0.010577   0.033165   
0.001105   0.021635   0.000182   0.009307   0.002139   0.003005   0.003005   0.003005   0.003005   0.006076   0.006074   0.005705   0.000874   0.000357   0.019354   0.000169   0.010593   0.033165   
0.001099   0.021468   0.000181   0.009075   0.002133   0.003005   0.003005   0.003005   0.003005   0.006076   0.006074   0.005610   0.000874   0.000357   0.019355   0.000168   0.010569   0.033165   
0.001108   0.021584   0.000183   0.009336   0.002131   0.003005   0.003005   0.003005   0.003005   0.006076   0.006074   0.005727   0.000874   0.000358   0.019419   0.000168   0.010554   0.033165   
0.001097   0.021140   0.000181   0.008928   0.002116   0.003005   0.003005   0.003005   0.003005   0.006076   0.006074   0.005547   0.000874   0.000357   0.019368   0.000167   0.010487   0.033165   
0.001103   0.021623   0.000182   0.009236   0.002143   0.003005   0.003005   0.003005   0.003005   0.006076   0.006074   0.005677   0.000874   0.000358   0.019384   0.000169   0.010612   0.033166   
0.001106   0.021538   0.000182   0.009261   0.002133   0.003005   0.003005   0.003005   0.003005   0.006076   0.006074   0.005693   0.000874   0.000358   0.019397   0.000168   0.010564   0.033166   
0.001106   0.021511   0.000182   0.009209   0.002139   0.003005   0.003005   0.003005   0.003005   0.006076   0.006074   0.005673   0.000874   0.000359   0.019437   0.000169   0.010596   0.033166   
0.001094   0.021646   0.000180   0.009134   0.002140   0.003005   0.003005   0.003005   0.003005   0.006076   0.006074   0.005612   0.000874   0.000354   0.019185   0.000169   0.010599   0.033166   
0.001108   0.021644   0.000182   0.009348   0.002143   0.003005   0.003005   0.003005   0.003005   0.006076   0.006074   0.005730   0.000874   0.000358   0.019426   0.000169   0.010616   0.033166   
0.001132   0.021025   0.000186   0.010303   0.002376   0.003005   0.003005   0.003005   0.003005   0.006076   0.006074   0.006009   0.000874   0.000359   0.019459   0.000177   0.011124   0.033255   
0.001118   0.021690   0.000184   0.009649   0.002134   0.003005   0.003005   0.003005   0.003005   0.006076   0.006074   0.005830   0.000874   0.000359   0.019469   0.000168   0.010563   0.033168   
0.001113   0.021476   0.000183   0.009434   0.002120   0.003005   0.003005   0.003005   0.003005   0.006076   0.006074   0.005738   0.000874   0.000358   0.019404   0.000167   0.010498   0.033168   
0.001125   0.021464   0.000185   0.009619   0.002133   0.003005   0.003005   0.003005   0.003005   0.006076   0.006074   0.005841   0.000874   0.000362   0.019604   0.000168   0.010561   0.033168   
0.001117   0.021683   0.000184   0.009575   0.002130   0.003005   0.003005   0.003005   0.003005   0.006076   0.006074   0.005798   0.000874   0.000359   0.019455   0.000168   0.010542   0.033168   
0.001109   0.021300   0.000183   0.009246   0.002118   0.003005   0.003005   0.003005   0.003005   0.006076   0.006074   0.005663   0.000874   0.000359   0.019435   0.000167   0.010489   0.033168   
0.001114   0.021420   0.000183   0.009411   0.002121   0.003005   0.003005   0.003005   0.003005   0.006076   0.006074   0.005735   0.000874   0.000359   0.019450   0.000167   0.010505   0.033168   
0.001133   0.021600   0.000187   0.009870   0.002151   0.003005   0.003005   0.003005   0.003005   0.006076   0.006074   0.005956   0.000874   0.000363   0.019681   0.000170   0.010648   0.033169   
0.001125   0.021533   0.000185   0.009668   0.002135   0.003005   0.003005   0.003005   0.003005   0.006076   0.006074   0.005855   0.000874   0.000362   0.019593   0.000168   0.010570   0.033169   
0.001114   0.021533   0.000183   0.009482   0.002131   0.003005   0.003005   0.003005   0.003005   0.006076   0.006074   0.005761   0.000874   0.000358   0.019420   0.000168   0.010551   0.033168   
0.001117   0.021477   0.000184   0.009513   0.002122   0.003005   0.003005   0.003005   0.003005   0.006076   0.006074   0.005778   0.000874   0.000359   0.019474   0.000167   0.010503   0.033169   
0.001127   0.021501   0.000186   0.009665   0.002124   0.003005   0.003005   0.003005   0.003005   0.006076   0.006074   0.005857   0.000874   0.000362   0.019633   0.000167   0.010511   0.033169   
0.001109   0.021294   0.000183   0.009220   0.002107   0.003005   0.003005   0.003005   0.003005   0.006076   0.006074   0.005648   0.000874   0.000359   0.019430   0.000166   0.010432   0.033169   
0.001105   0.021708   0.000182   0.009400   0.002128   0.003006   0.003006   0.003006   0.003006   0.006076   0.006074   0.005704   0.000874   0.000356   0.019285   0.000168   0.010533   0.033169   
0.001111   0.021506   0.000183   0.009366   0.002109   0.003006   0.003006   0.003006   0.003006   0.006076   0.006074   0.005700   0.000874   0.000359   0.019429   0.000166   0.010438   0.033170   
0.001109   0.021512   0.000183   0.009337   0.002116   0.003006   0.003006   0.003006   0.003006   0.006076   0.006075   0.005685   0.000874   0.000358   0.019374   0.000167   0.010473   0.033170   
0.001097   0.021353   0.000181   0.008985   0.002103   0.003006   0.003006   0.003006   0.003006   0.006076   0.006075   0.005526   0.000874   0.000356   0.019267   0.000166   0.010408   0.033170   
0.001107   0.021432   0.000182   0.009232   0.002108   0.003006   0.003006   0.003006   0.003006   0.006076   0.006075   0.005642   0.000874   0.000358   0.019384   0.000166   0.010435   0.033170   
0.001105   0.021362   0.000182   0.009161   0.002106   0.003006   0.003006   0.003006   0.003006   0.006076   0.006075   0.005615   0.000874   0.000357   0.019369   0.000166   0.010426   0.033169   
0.001100   0.021318   0.000181   0.009045   0.002101   0.003006   0.003006   0.003006   0.003006   0.006076   0.006075   0.005559   0.000874   0.000356   0.019312   0.000166   0.010396   0.033170   
0.001097   0.021528   0.000181   0.009109   0.002113   0.003006   0.003006   0.003006   0.003006   0.006076   0.006075   0.005570   0.000874   0.000355   0.019221   0.000167   0.010457   0.033170   
0.001093   0.021118   0.000180   0.008825   0.002109   0.003006   0.003006   0.003006   0.003006   0.006076   0.006075   0.005463   0.000874   0.000356   0.019289   0.000166   0.010444   0.033169   
0.001101   0.021449   0.000181   0.009167   0.002114   0.003006   0.003006   0.003006   0.003006   0.006076   0.006075   0.005606   0.000874   0.000356   0.019282   0.000167   0.010463   0.033170   
0.001104   0.021453   0.000182   0.009228   0.002108   0.003006   0.003006   0.003006   0.003006   0.006076   0.006075   0.005632   0.000874   0.000357   0.019333   0.000166   0.010434   0.033170   
0.001102   0.021511   0.000182   0.009218   0.002117   0.003006   0.003006   0.003006   0.003006   0.006076   0.006075   0.005626   0.000874   0.000356   0.019286   0.000167   0.010476   0.033170   
0.001102   0.021576   0.000182   0.009213   0.002106   0.003006   0.003006   0.003006   0.003006   0.006076   0.006075   0.005617   0.000874   0.000356   0.019285   0.000166   0.010421   0.033170   
0.000993   0.020704   0.000164   0.007840   0.001942   0.003006   0.003006   0.003006   0.003006   0.006076   0.006075   0.004570   0.000986   0.000314   0.017015   0.000149   0.009382   0.033195   
0.000973   0.020424   0.000160   0.007567   0.001907   0.003006   0.003006   0.003006   0.003006   0.006076   0.006075   0.004366   0.001011   0.000306   0.016605   0.000146   0.009156   0.033201   
0.000973   0.020473   0.000160   0.007590   0.001914   0.003006   0.003006   0.003006   0.003006   0.006076   0.006075   0.004380   0.001008   0.000306   0.016599   0.000146   0.009175   0.033201   
0.000973   0.020423   0.000160   0.007559   0.001906   0.003006   0.003006   0.003006   0.003006   0.006076   0.006075   0.004363   0.001011   0.000306   0.016600   0.000146   0.009151   0.033199   
0.000974   0.020430   0.000161   0.007588   0.001909   0.003006   0.003006   0.003006   0.003006   0.006076   0.006075   0.004377   0.001010   0.000306   0.016624   0.000146   0.009162   0.033201   
0.000975   0.020451   0.000161   0.007602   0.001912   0.003006   0.003006   0.003006   0.003006   0.006076   0.006075   0.004385   0.001009   0.000307   0.016633   0.000146   0.009172   0.033201   
0.000972   0.020481   0.000160   0.007571   0.001917   0.003006   0.003006   0.003006   0.003006   0.006076   0.006075   0.004373   0.001006   0.000306   0.016600   0.000146   0.009184   0.033201   
0.000972   0.020482   0.000160   0.007572   0.001915   0.003006   0.003006   0.003006   0.003006   0.006076   0.006075   0.004373   0.001007   0.000306   0.016594   0.000146   0.009179   0.033201   
0.000952   0.020652   0.000157   0.007787   0.001945   0.003006   0.003006   0.003006   0.003006   0.006076   0.006075   0.004491   0.000955   0.000296   0.016051   0.000147   0.009253   0.033249   
0.001128   0.020934   0.000186   0.010220   0.002383   0.003006   0.003006   0.003006   0.003006   0.006076   0.006075   0.005963   0.000874   0.000358   0.019400   0.000177   0.011108   0.033278   
0.001122   0.021769   0.000185   0.009744   0.002142   0.003006   0.003006   0.003006   0.003006   0.006076   0.006075   0.005875   0.000874   0.000360   0.019497   0.000169   0.010601   0.033170   
0.001120   0.021510   0.000185   0.009552   0.002121   0.003006   0.003006   0.003006   0.003006   0.006076   0.006075   0.005804   0.000874   0.000360   0.019503   0.000167   0.010500   0.033170   
0.001115   0.021455   0.000184   0.009400   0.002124   0.003006   0.003006   0.003006   0.003006   0.006076   0.006075   0.005734   0.000874   0.000359   0.019480   0.000167   0.010514   0.033170   
0.001116   0.021543   0.000184   0.009499   0.002121   0.003006   0.003006   0.003006   0.003006   0.006076   0.006075   0.005774   0.000874   0.000359   0.019459   0.000167   0.010497   0.033171   
0.001116   0.021490   0.000184   0.009446   0.002125   0.003006   0.003006   0.003006   0.003006   0.006076   0.006075   0.005753   0.000874   0.000359   0.019478   0.000168   0.010520   0.033170   
0.001121   0.021808   0.000185   0.009721   0.002141   0.003006   0.003006   0.003006   0.003006   0.006076   0.006075   0.005866   0.000874   0.000359   0.019473   0.000169   0.010594   0.033171   
0.001115   0.021617   0.000184   0.009511   0.002133   0.003006   0.003006   0.003006   0.003006   0.006076   0.006075   0.005774   0.000874   0.000359   0.019448   0.000168   0.010556   0.033171   
0.001117   0.021566   0.000184   0.009485   0.002133   0.003006   0.003006   0.003006   0.003006   0.006076   0.006075   0.005770   0.000874   0.000360   0.019490   0.000168   0.010559   0.033171   
0.001115   0.021671   0.000184   0.009529   0.002134   0.003006   0.003006   0.003006   0.003006   0.006076   0.006075   0.005778   0.000874   0.000358   0.019414   0.000168   0.010563   0.033171   
0.001119   0.021563   0.000184   0.009559   0.002117   0.003006   0.003006   0.003006   0.003006   0.006076   0.006075   0.005798   0.000874   0.000360   0.019496   0.000167   0.010476   0.033172   
0.001103   0.021539   0.000182   0.009243   0.002111   0.003006   0.003006   0.003006   0.003006   0.006076   0.006075   0.005637   0.000874   0.000356   0.019282   0.000166   0.010447   0.033172   
0.001110   0.021607   0.000183   0.009407   0.002120   0.003006   0.003006   0.003006   0.003006   0.006076   0.006075   0.005718   0.000874   0.000357   0.019368   0.000167   0.010492   0.033171   
0.001110   0.021659   0.000183   0.009436   0.002113   0.003006   0.003006   0.003006   0.003006   0.006076   0.006075   0.005723   0.000874   0.000357   0.019369   0.000167   0.010455   0.033172   
0.001113   0.021513   0.000183   0.009412   0.002111   0.003006   0.003006   0.003006   0.003006   0.006076   0.006075   0.005725   0.000874   0.000359   0.019445   0.000166   0.010442   0.033172   
0.001098   0.021415   0.000181   0.009050   0.002102   0.003006   0.003006   0.003006   0.003006   0.006077   0.006075   0.005551   0.000874   0.000355   0.019248   0.000166   0.010405   0.033172   
0.001110   0.021579   0.000183   0.009373   0.002110   0.003006   0.003006   0.003006   0.003006   0.006077   0.006075   0.005701   0.000874   0.000358   0.019388   0.000166   0.010439   0.033172   
0.001105   0.021418   0.000182   0.009178   0.002098   0.003006   0.003006   0.003006   0.003006   0.006077   0.006075   0.005616   0.000874   0.000357   0.019351   0.000165   0.010382   0.033172   
0.001105   0.021448   0.000182   0.009176   0.002104   0.003006   0.003006   0.003006   0.003006   0.006077   0.006075   0.005615   0.000874   0.000357   0.019353   0.000166   0.010410   0.033172   
0.001084   0.021142   0.000179   0.008680   0.002105   0.003006   0.003006   0.003006   0.003006   0.006077   0.006075   0.005386   0.000874   0.000353   0.019139   0.000166   0.010426   0.033171   
0.001099   0.021347   0.000181   0.009054   0.002115   0.003006   0.003006   0.003006   0.003006   0.006077   0.006075   0.005560   0.000874   0.000356   0.019299   0.000167   0.010475   0.033172   
0.001104   0.021504   0.000182   0.009240   0.002111   0.003006   0.003006   0.003006   0.003006   0.006077   0.006075   0.005638   0.000874   0.000356   0.019317   0.000166   0.010443   0.033172   
0.001102   0.021413   0.000182   0.009168   0.002107   0.003006   0.003006   0.003006   0.003006   0.006077   0.006075   0.005608   0.000874   0.000357   0.019322   0.000166   0.010429   0.033172   
0.001103   0.021582   0.000182   0.009265   0.002113   0.003006   0.003006   0.003006   0.003006   0.006077   0.006075   0.005645   0.000874   0.000356   0.019287   0.000167   0.010455   0.033172   
0.001090   0.021584   0.000180   0.009089   0.002090   0.003006   0.003006   0.003006   0.003006   0.006077   0.006075   0.005514   0.000885   0.000351   0.019026   0.000164   0.010316   0.033175   
0.000971   0.020438   0.000160   0.007553   0.001908   0.003006   0.003006   0.003006   0.003006   0.006077   0.006075   0.004360   0.001009   0.000305   0.016577   0.000146   0.009159   0.033204   
0.000973   0.020409   0.000160   0.007563   0.001906   0.003006   0.003006   0.003006   0.003006   0.006077   0.006075   0.004364   0.001010   0.000306   0.016599   0.000146   0.009154   0.033203   
0.000974   0.020412   0.000161   0.007587   0.001906   0.003006   0.003006   0.003006   0.003006   0.006077   0.006075   0.004375   0.001011   0.000306   0.016618   0.000146   0.009154   0.033203   
0.000973   0.020424   0.000160   0.007575   0.001909   0.003006   0.003006   0.003006   0.003006   0.006077   0.006075   0.004371   0.001010   0.000306   0.016606   0.000146   0.009162   0.033203   
0.000974   0.020436   0.000161   0.007600   0.001912   0.003006   0.003006   0.003006   0.003006   0.006077   0.006075   0.004383   0.001009   0.000306   0.016622   0.000146   0.009172   0.033205   
0.000974   0.020438   0.000161   0.007596   0.001912   0.003006   0.003006   0.003006   0.003006   0.006077   0.006075   0.004382   0.001009   0.000306   0.016621   0.000146   0.009172   0.033204   
0.000974   0.020439   0.000160   0.007583   0.001913   0.003006   0.003006   0.003006   0.003006   0.006077   0.006075   0.004379   0.001008   0.000306   0.016624   0.000146   0.009173   0.033204   
0.000973   0.020466   0.000160   0.007580   0.001916   0.003006   0.003006   0.003006   0.003006   0.006077   0.006075   0.004377   0.001007   0.000306   0.016604   0.000146   0.009181   0.033204   
0.000933   0.020550   0.000154   0.007668   0.002019   0.003006   0.003006   0.003006   0.003006   0.006077   0.006075   0.004429   0.000943   0.000290   0.015727   0.000149   0.009390   0.033343   
0.001122   0.021852   0.000185   0.009839   0.002155   0.003006   0.003006   0.003006   0.003006   0.006077   0.006075   0.005944   0.000874   0.000360   0.019503   0.000170   0.010675   0.033171   
0.001129   0.022012   0.000186   0.010008   0.002175   0.003006   0.003006   0.003006   0.003006   0.006077   0.006075   0.006019   0.000874   0.000361   0.019572   0.000172   0.010776   0.033170   
0.001134   0.021899   0.000187   0.010027   0.002176   0.003006   0.003006   0.003006   0.003006   0.006077   0.006075   0.006047   0.000874   0.000363   0.019673   0.000172   0.010776   0.033170   
0.001113   0.021594   0.000183   0.009515   0.002132   0.003006   0.003006   0.003006   0.003006   0.006077   0.006075   0.005795   0.000874   0.000358   0.019409   0.000168   0.010567   0.033170   
0.001129   0.021831   0.000186   0.009925   0.002155   0.003006   0.003006   0.003006   0.003006   0.006077   0.006075   0.005995   0.000874   0.000362   0.019602   0.000170   0.010674   0.033171   
0.001146   0.021859   0.000189   0.010264   0.002176   0.003006   0.003006   0.003006   0.003006   0.006077   0.006075   0.006163   0.000874   0.000366   0.019824   0.000172   0.010779   0.033171   
0.001108   0.021781   0.000183   0.009451   0.002146   0.003006   0.003006   0.003006   0.003006   0.006077   0.006075   0.005764   0.000874   0.000357   0.019337   0.000169   0.010630   0.033171   
0.001138   0.021724   0.000188   0.009967   0.002184   0.003006   0.003006   0.003006   0.003006   0.006077   0.006075   0.006035   0.000874   0.000365   0.019784   0.000172   0.010821   0.033171   
0.001123   0.021985   0.000185   0.009854   0.002167   0.003006   0.003006   0.003006   0.003006   0.006077   0.006075   0.005954   0.000874   0.000359   0.019452   0.000171   0.010728   0.033171   
0.001126   0.021568   0.000186   0.009646   0.002164   0.003006   0.003006   0.003006   0.003006   0.006077   0.006075   0.005886   0.000874   0.000363   0.019662   0.000171   0.010725   0.033171   
0.001112   0.021404   0.000183   0.009329   0.002132   0.003006   0.003006   0.003006   0.003006   0.006077   0.006075   0.005732   0.000874   0.000360   0.019499   0.000168   0.010566   0.033171   
0.001111   0.021307   0.000183   0.009233   0.002136   0.003006   0.003006   0.003006   0.003006   0.006077   0.006075   0.005696   0.000874   0.000360   0.019518   0.000169   0.010586   0.033171   
0.001128   0.021774   0.000186   0.009762   0.002169   0.003006   0.003006   0.003006   0.003006   0.006077   0.006075   0.005935   0.000874   0.000362   0.019630   0.000171   0.010744   0.033172   
0.001110   0.021723   0.000183   0.009487   0.002148   0.003006   0.003006   0.003006   0.003006   0.006077   0.006075   0.005785   0.000874   0.000358   0.019389   0.000170   0.010640   0.033171   
0.001123   0.021743   0.000185   0.009736   0.002163   0.003006   0.003006   0.003006   0.003006   0.006077   0.006075   0.005915   0.000874   0.000361   0.019555   0.000171   0.010711   0.033172   
0.001127   0.021856   0.000186   0.009831   0.002172   0.003006   0.003006   0.003006   0.003006   0.006077   0.006075   0.005951   0.000874   0.000362   0.019602   0.000171   0.010760   0.033172   
0.001116   0.021713   0.000184   0.009544   0.002148   0.003006   0.003006   0.003006   0.003006   0.006077   0.006075   0.005823   0.000874   0.000360   0.019507   0.000170   0.010639   0.033172   
0.001137   0.021666   0.000187   0.009943   0.002179   0.003006   0.003006   0.003006   0.003006   0.006077   0.006075   0.006021   0.000874   0.000365   0.019759   0.000172   0.010795   0.033172   
0.001100   0.021643   0.000181   0.009251   0.002143   0.003006   0.003006   0.003006   0.003006   0.006077   0.006075   0.005674   0.000874   0.000356   0.019283   0.000169   0.010616   0.033172   
0.001141   0.021769   0.000188   0.010039   0.002179   0.003006   0.003006   0.003006   0.003006   0.006077   0.006075   0.006068   0.000874   0.000366   0.019811   0.000172   0.010791   0.033172   
0.001104   0.021541   0.000182   0.009238   0.002136   0.003006   0.003006   0.003006   0.003006   0.006077   0.006075   0.005678   0.000874   0.000357   0.019359   0.000169   0.010584   0.033172   
0.001141   0.021731   0.000188   0.010000   0.002182   0.003006   0.003006   0.003006   0.003006   0.006077   0.006075   0.006055   0.000874   0.000366   0.019836   0.000172   0.010810   0.033172   
0.001097   0.021669   0.000181   0.009154   0.002145   0.003006   0.003006   0.003006   0.003006   0.006077   0.006075   0.005630   0.000874   0.000355   0.019232   0.000169   0.010626   0.033172   
0.001137   0.021886   0.000187   0.009963   0.002183   0.003006   0.003006   0.003006   0.003006   0.006077   0.006075   0.006031   0.000874   0.000365   0.019763   0.000172   0.010811   0.033172   
0.001100   0.021466   0.000181   0.009126   0.002133   0.003006   0.003006   0.003006   0.003006   0.006077   0.006075   0.005629   0.000874   0.000356   0.019311   0.000168   0.010568   0.033173   
0.001132   0.021785   0.000186   0.009893   0.002153   0.003006   0.003006   0.003006   0.003006   0.006077   0.006075   0.005988   0.000874   0.000363   0.019683   0.000170   0.010665   0.033173   
0.001128   0.021743   0.000186   0.009812   0.002132   0.003006   0.003006   0.003006   0.003006   0.006077   0.006075   0.005950   0.000874   0.000362   0.019628   0.000168   0.010560   0.033173   
0.001099   0.021628   0.000181   0.009171   0.002133   0.003006   0.003006   0.003006   0.003006   0.006077   0.006075   0.005643   0.000874   0.000355   0.019248   0.000168   0.010562   0.033173   
0.001111   0.022051   0.000183   0.009679   0.002150   0.003006   0.003006   0.003006   0.003006   0.006077   0.006075   0.005854   0.000874   0.000357   0.019323   0.000170   0.010646   0.033173   
0.001108   0.021633   0.000182   0.009343   0.002145   0.003006   0.003006   0.003006   0.003006   0.006077   0.006075   0.005724   0.000874   0.000358   0.019404   0.000169   0.010626   0.033173   
0.001101   0.021662   0.000181   0.009214   0.002146   0.003006   0.003006   0.003006   0.003006   0.006077   0.006075   0.005657   0.000874   0.000357   0.019330   0.000169   0.010631   0.033173   
0.001107   0.021720   0.000182   0.009456   0.002143   0.003006   0.003006   0.003006   0.003006   0.006077   0.006075   0.005766   0.000874   0.000357   0.019337   0.000169   0.010612   0.033173   
0.001107   0.021637   0.000182   0.009345   0.002133   0.003006   0.003006   0.003006   0.003006   0.006077   0.006075   0.005724   0.000874   0.000357   0.019370   0.000168   0.010566   0.033173   
0.001119   0.022039   0.000184   0.009748   0.002159   0.003006   0.003006   0.003006   0.003006   0.006077   0.006075   0.005905   0.000874   0.000359   0.019480   0.000170   0.010688   0.033174   
0.001114   0.021574   0.000184   0.009430   0.002136   0.003006   0.003006   0.003006   0.003006   0.006077   0.006075   0.005777   0.000874   0.000360   0.019503   0.000169   0.010578   0.033173   
0.001106   0.021717   0.000182   0.009397   0.002147   0.003006   0.003006   0.003006   0.003006   0.006077   0.006075   0.005741   0.000874   0.000357   0.019345   0.000169   0.010638   0.033173   
0.001108   0.021658   0.000183   0.009334   0.002145   0.003006   0.003006   0.003006   0.003006   0.006077   0.006075   0.005724   0.000874   0.000358   0.019428   0.000169   0.010625   0.033174   
0.001091   0.021701   0.000180   0.009013   0.002136   0.003006   0.003006   0.003006   0.003006   0.006077   0.006075   0.005559   0.000874   0.000353   0.019121   0.000169   0.010581   0.033174   
0.001097   0.021839   0.000181   0.009282   0.002152   0.003006   0.003006   0.003006   0.003006   0.006077   0.006075   0.005671   0.000874   0.000354   0.019196   0.000170   0.010656   0.033174   
0.001110   0.021442   0.000183   0.009245   0.002126   0.003006   0.003006   0.003006   0.003006   0.006077   0.006075   0.005701   0.000874   0.000359   0.019474   0.000168   0.010531   0.033174   
0.001098   0.021683   0.000181   0.009237   0.002147   0.003006   0.003006   0.003006   0.003006   0.006077   0.006075   0.005660   0.000874   0.000355   0.019256   0.000169   0.010637   0.033174   
0.001111   0.021870   0.000183   0.009492   0.002142   0.003006   0.003006   0.003006   0.003006   0.006077   0.006075   0.005794   0.000874   0.000358   0.019401   0.000169   0.010602   0.033174   
0.000789   0.015241   0.000130   0.006273   0.001534   0.002185   0.002185   0.002185   0.002185   0.004418   0.004417   0.003929   0.000635   0.000257   0.013932   0.000121   0.007606   0.024117   