0.000195   0.000289   0.000182   0.000381   0.000157   0.000125   0.000125   0.000125   0.000125   0.000247   0.000260   0.000153   0.000105   0.000098   0.001047   0.000288   0.000981   0.003779   0.019311   0.003778   0.000181   0.000284   0.000181   0.000381   0.000157   0.000125   0.000125   0.000125   0.000125   0.000243   0.000260   0.000153   0.000105   0.000098   0.001046   0.000288   0.000981   0.003778   0.019311   0.003778   0.045403   0.008574   0.008574   0.008574   0.008574   0.533695   0.003902   0.003902   0.003902   0.003902   0.307393   
0.000184   0.000301   0.000182   0.000381   0.000157   0.000125   0.000125   0.000125   0.000125   0.000244   0.000260   0.000153   0.000105   0.000098   0.001049   0.000288   0.000981   0.003778   0.019311   0.003778   0.000181   0.000284   0.000181   0.000381   0.000157   0.000125   0.000125   0.000125   0.000125   0.000243   0.000260   0.000153   0.000105   0.000098   0.001046   0.000288   0.000981   0.003778   0.019311   0.003778   0.045403   0.008574   0.008574   0.008574   0.008574   0.533695   0.003902   0.003902   0.003902   0.003902   0.307393   
0.000182   0.000286   0.000197   0.000382   0.000159   0.000125   0.000125   0.000125   0.000125   0.000245   0.000260   0.000153   0.000105   0.000099   0.001046   0.000288   0.000981   0.003778   0.019311   0.003778   0.000181   0.000284   0.000181   0.000381   0.000157   0.000125   0.000125   0.000125   0.000125   0.000243   0.000260   0.000153   0.000105   0.000098   0.001046   0.000288   0.000981   0.003778   0.019311   0.003778   0.045403   0.008574   0.008574   0.008574   0.008574   0.533692   0.003902   0.003902   0.003902   0.003902   0.307398   
0.000181   0.000284   0.000182   0.000398   0.000158   0.000125   0.000125   0.000125   0.000125   0.000243   0.000260   0.000153   0.000105   0.000098   0.001045   0.000287   0.000980   0.003773   0.019286   0.003773   0.000181   0.000284   0.000181   0.000380   0.000157   0.000125   0.000125   0.000125   0.000125   0.000243   0.000259   0.000153   0.000105   0.000098   0.001045   0.000287   0.000980   0.003773   0.019286   0.003773   0.045353   0.008566   0.008566   0.008567   0.008567   0.533197   0.003914   0.003914   0.003937   0.003915   0.307984   
0.000181   0.000285   0.000183   0.000383   0.000172   0.000125   0.000126   0.000126   0.000125   0.000243   0.000260   0.000153   0.000105   0.000101   0.001046   0.000288   0.000981   0.003778   0.019311   0.003778   0.000181   0.000284   0.000181   0.000381   0.000157   0.000125   0.000125   0.000125   0.000125   0.000243   0.000260   0.000153   0.000105   0.000098   0.001046   0.000288   0.000981   0.003778   0.019311   0.003778   0.045402   0.008574   0.008574   0.008574   0.008574   0.533689   0.003902   0.003902   0.003902   0.003902   0.307401   
0.000181   0.000284   0.000181   0.000382   0.000157   0.000137   0.000129   0.000126   0.000125   0.000243   0.000260   0.000157   0.000105   0.000098   0.001046   0.000288   0.000981   0.003777   0.019308   0.003778   0.000181   0.000284   0.000181   0.000381   0.000157   0.000125   0.000125   0.000125   0.000125   0.000243   0.000260   0.000153   0.000105   0.000098   0.001046   0.000288   0.000981   0.003777   0.019308   0.003777   0.045398   0.008574   0.008574   0.008574   0.008574   0.533651   0.003903   0.003903   0.003905   0.003903   0.307450   
0.000181   0.000284   0.000181   0.000381   0.000158   0.000129   0.000137   0.000129   0.000126   0.000243   0.000260   0.000154   0.000105   0.000098   0.001046   0.000288   0.000981   0.003778   0.019311   0.003779   0.000181   0.000284   0.000181   0.000381   0.000157   0.000125   0.000125   0.000125   0.000125   0.000243   0.000260   0.000153   0.000105   0.000098   0.001046   0.000288   0.000981   0.003778   0.019311   0.003778   0.045403   0.008574   0.008574   0.008574   0.008574   0.533693   0.003902   0.003902   0.003902   0.003902   0.307396   
0.000181   0.000284   0.000181   0.000381   0.000158   0.000126   0.000129   0.000137   0.000129   0.000243   0.000260   0.000153   0.000105   0.000098   0.001046   0.000289   0.000981   0.003778   0.019311   0.003779   0.000181   0.000284   0.000181   0.000381   0.000157   0.000125   0.000125   0.000125   0.000125   0.000243   0.000260   0.000153   0.000105   0.000098   0.001046   0.000288   0.000981   0.003778   0.019311   0.003778   0.045403   0.008574   0.008574   0.008574   0.008574   0.533695   0.003902   0.003902   0.003902   0.003902   0.307393   
0.000181   0.000285   0.000181   0.000381   0.000157   0.000125   0.000126   0.000129   0.000137   0.000243   0.000260   0.000153   0.000105   0.000099   0.001046   0.000293   0.000981   0.003778   0.019311   0.003779   0.000181   0.000284   0.000181   0.000381   0.000157   0.000125   0.000125   0.000125   0.000125   0.000243   0.000260   0.000153   0.000105   0.000098   0.001046   0.000288   0.000981   0.003778   0.019311   0.003778   0.045403   0.008574   0.008574   0.008574   0.008574   0.533695   0.003902   0.003902   0.003902   0.003902   0.307393   
0.000184   0.000285   0.000182   0.000381   0.000157   0.000125   0.000125   0.000125   0.000125   0.000260   0.000260   0.000153   0.000107   0.000098   0.001046   0.000288   0.000981   0.003779   0.019311   0.003778   0.000181   0.000284   0.000181   0.000381   0.000157   0.000125   0.000125   0.000125   0.000125   0.000243   0.000260   0.000153   0.000105   0.000098   0.001046   0.000288   0.000981   0.003778   0.019311   0.003778   0.045403   0.008574   0.008574   0.008574   0.008574   0.533694   0.003902   0.003902   0.003902   0.003902   0.307394   
0.000181   0.000284   0.000181   0.000381   0.000157   0.000125   0.000125   0.000125   0.000125   0.000243   0.000274   0.000153   0.000107   0.000098   0.001044   0.000287   0.000979   0.003770   0.019269   0.003770   0.000181   0.000284   0.000181   0.000380   0.000157   0.000125   0.000125   0.000125   0.000125   0.000243   0.000259   0.000153   0.000104   0.000098   0.001044   0.000287   0.000979   0.003770   0.019269   0.003770   0.045318   0.008561   0.008561   0.008561   0.008561   0.532847   0.003924   0.003924   0.003962   0.003924   0.308397   
0.000181   0.000283   0.000181   0.000380   0.000156   0.000128   0.000125   0.000125   0.000124   0.000242   0.000259   0.000164   0.000104   0.000098   0.001043   0.000287   0.000977   0.003764   0.019242   0.003765   0.000181   0.000283   0.000181   0.000379   0.000156   0.000124   0.000124   0.000124   0.000124   0.000242   0.000259   0.000153   0.000104   0.000098   0.001043   0.000287   0.000977   0.003764   0.019242   0.003764   0.045265   0.008552   0.008552   0.008553   0.008552   0.532300   0.003938   0.003938   0.004002   0.003938   0.309041   
0.000182   0.000284   0.000181   0.000381   0.000157   0.000125   0.000125   0.000125   0.000125   0.000249   0.000265   0.000153   0.000115   0.000098   0.001046   0.000288   0.000981   0.003778   0.019309   0.003778   0.000181   0.000284   0.000181   0.000381   0.000157   0.000125   0.000125   0.000125   0.000125   0.000243   0.000260   0.000153   0.000105   0.000098   0.001046   0.000288   0.000981   0.003778   0.019309   0.003778   0.045399   0.008574   0.008574   0.008574   0.008574   0.533661   0.003902   0.003902   0.003904   0.003903   0.307438   
0.000181   0.000285   0.000183   0.000381   0.000161   0.000125   0.000125   0.000125   0.000126   0.000243   0.000260   0.000153   0.000105   0.000109   0.001046   0.000292   0.000981   0.003778   0.019311   0.003778   0.000181   0.000284   0.000181   0.000381   0.000157   0.000125   0.000125   0.000125   0.000125   0.000243   0.000260   0.000153   0.000105   0.000098   0.001046   0.000288   0.000981   0.003778   0.019311   0.003778   0.045403   0.008574   0.008574   0.008574   0.008574   0.533695   0.003902   0.003902   0.003902   0.003902   0.307393   
0.000181   0.000285   0.000181   0.000381   0.000157   0.000125   0.000125   0.000125   0.000125   0.000243   0.000260   0.000153   0.000105   0.000098   0.001069   0.000288   0.000981   0.003778   0.019312   0.003778   0.000181   0.000284   0.000181   0.000381   0.000157   0.000125   0.000125   0.000125   0.000125   0.000243   0.000260   0.000153   0.000105   0.000098   0.001046   0.000288   0.000981   0.003778   0.019311   0.003778   0.045403   0.008574   0.008574   0.008574   0.008574   0.533695   0.003902   0.003902   0.003902   0.003902   0.307393   
0.000181   0.000285   0.000181   0.000381   0.000157   0.000125   0.000125   0.000125   0.000127   0.000243   0.000260   0.000153   0.000105   0.000100   0.001047   0.000304   0.000984   0.003778   0.019311   0.003778   0.000181   0.000284   0.000181   0.000381   0.000157   0.000125   0.000125   0.000125   0.000125   0.000243   0.000260   0.000153   0.000105   0.000098   0.001046   0.000288   0.000981   0.003778   0.019311   0.003778   0.045403   0.008574   0.008574   0.008574   0.008574   0.533695   0.003902   0.003902   0.003902   0.003902   0.307393   
0.000181   0.000284   0.000181   0.000381   0.000157   0.000125   0.000125   0.000125   0.000125   0.000243   0.000260   0.000153   0.000105   0.000098   0.001047   0.000289   0.001004   0.003778   0.019312   0.003778   0.000181   0.000284   0.000181   0.000381   0.000157   0.000125   0.000125   0.000125   0.000125   0.000243   0.000260   0.000153   0.000105   0.000098   0.001046   0.000288   0.000981   0.003778   0.019311   0.003778   0.045403   0.008574   0.008574   0.008574   0.008574   0.533695   0.003902   0.003902   0.003902   0.003902   0.307393   
0.000181   0.000284   0.000181   0.000381   0.000157   0.000125   0.000125   0.000125   0.000125   0.000243   0.000260   0.000153   0.000105   0.000098   0.001046   0.000288   0.000981   0.003801   0.019307   0.003777   0.000181   0.000284   0.000181   0.000381   0.000157   0.000125   0.000125   0.000125   0.000125   0.000243   0.000260   0.000153   0.000105   0.000098   0.001046   0.000288   0.000981   0.003777   0.019307   0.003777   0.045394   0.008573   0.008573   0.008573   0.008573   0.533609   0.003906   0.003904   0.003905   0.003904   0.307496   
0.000181   0.000284   0.000181   0.000381   0.000157   0.000125   0.000125   0.000125   0.000125   0.000243   0.000260   0.000153   0.000105   0.000098   0.001046   0.000288   0.000981   0.003778   0.019335   0.003778   0.000181   0.000284   0.000181   0.000381   0.000157   0.000125   0.000125   0.000125   0.000125   0.000243   0.000260   0.000153   0.000105   0.000098   0.001046   0.000288   0.000981   0.003778   0.019311   0.003778   0.045402   0.008574   0.008574   0.008574   0.008574   0.533684   0.003902   0.003902   0.003902   0.003902   0.307406   
0.000181   0.000284   0.000181   0.000381   0.000157   0.000125   0.000125   0.000125   0.000125   0.000243   0.000260   0.000153   0.000105   0.000098   0.001046   0.000288   0.000981   0.003777   0.019307   0.003801   0.000181   0.000284   0.000181   0.000381   0.000157   0.000125   0.000125   0.000125   0.000125   0.000243   0.000260   0.000153   0.000105   0.000098   0.001046   0.000288   0.000981   0.003777   0.019307   0.003777   0.045394   0.008573   0.008573   0.008573   0.008573   0.533609   0.003904   0.003906   0.003905   0.003904   0.307496   
0.000181   0.000284   0.000181   0.000381   0.000157   0.000125   0.000125   0.000125   0.000125   0.000243   0.000260   0.000153   0.000105   0.000098   0.001046   0.000288   0.000981   0.003778   0.019311   0.003778   0.000195   0.000289   0.000182   0.000381   0.000157   0.000125   0.000125   0.000125   0.000125   0.000247   0.000260   0.000153   0.000105   0.000098   0.001047   0.000288   0.000981   0.003779   0.019311   0.003778   0.045403   0.008574   0.008574   0.008574   0.008574   0.533695   0.003902   0.003902   0.003902   0.003902   0.307393   
0.000181   0.000284   0.000181   0.000381   0.000157   0.000125   0.000125   0.000125   0.000125   0.000243   0.000260   0.000153   0.000105   0.000098   0.001046   0.000288   0.000981   0.003778   0.019311   0.003778   0.000184   0.000301   0.000182   0.000381   0.000157   0.000125   0.000125   0.000125   0.000125   0.000244   0.000260   0.000153   0.000105   0.000098   0.001049   0.000288   0.000981   0.003778   0.019311   0.003778   0.045403   0.008574   0.008574   0.008574   0.008574   0.533695   0.003902   0.003902   0.003902   0.003902   0.307393   
0.000181   0.000284   0.000181   0.000381   0.000157   0.000125   0.000125   0.000125   0.000125   0.000243   0.000260   0.000153   0.000105   0.000098   0.001046   0.000288   0.000981   0.003778   0.019311   0.003778   0.000182   0.000286   0.000198   0.000381   0.000159   0.000125   0.000125   0.000125   0.000125   0.000245   0.000260   0.000153   0.000105   0.000099   0.001047   0.000288   0.000981   0.003778   0.019311   0.003778   0.045403   0.008574   0.008574   0.008574   0.008574   0.533695   0.003902   0.003902   0.003902   0.003902   0.307393   
0.000181   0.000284   0.000181   0.000380   0.000157   0.000125   0.000125   0.000125   0.000125   0.000243   0.000259   0.000153   0.000105   0.000098   0.001045   0.000287   0.000980   0.003773   0.019286   0.003773   0.000181   0.000284   0.000181   0.000400   0.000157   0.000125   0.000125   0.000125   0.000125   0.000243   0.000260   0.000153   0.000105   0.000098   0.001045   0.000287   0.000980   0.003773   0.019286   0.003773   0.045353   0.008566   0.008566   0.008567   0.008567   0.533193   0.003915   0.003915   0.003915   0.003938   0.307989   
0.000181   0.000284   0.000181   0.000381   0.000157   0.000125   0.000125   0.000125   0.000125   0.000243   0.000260   0.000153   0.000105   0.000098   0.001046   0.000288   0.000981   0.003778   0.019311   0.003778   0.000181   0.000285   0.000183   0.000381   0.000174   0.000125   0.000126   0.000126   0.000125   0.000243   0.000260   0.000153   0.000105   0.000101   0.001046   0.000288   0.000981   0.003778   0.019311   0.003778   0.045403   0.008574   0.008574   0.008574   0.008574   0.533695   0.003902   0.003902   0.003902   0.003902   0.307393   
0.000181   0.000284   0.000181   0.000381   0.000157   0.000125   0.000125   0.000125   0.000125   0.000243   0.000260   0.000153   0.000105   0.000098   0.001046   0.000288   0.000981   0.003778   0.019311   0.003778   0.000181   0.000284   0.000181   0.000382   0.000157   0.000148   0.000125   0.000125   0.000125   0.000243   0.000260   0.000153   0.000105   0.000098   0.001046   0.000288   0.000981   0.003778   0.019311   0.003779   0.045403   0.008574   0.008574   0.008574   0.008574   0.533692   0.003902   0.003902   0.003902   0.003902   0.307397   
0.000181   0.000284   0.000181   0.000381   0.000157   0.000125   0.000125   0.000125   0.000125   0.000243   0.000260   0.000153   0.000105   0.000098   0.001046   0.000288   0.000981   0.003778   0.019311   0.003778   0.000181   0.000284   0.000181   0.000381   0.000158   0.000125   0.000141   0.000130   0.000126   0.000243   0.000260   0.000153   0.000105   0.000098   0.001046   0.000288   0.000981   0.003778   0.019311   0.003779   0.045403   0.008574   0.008574   0.008574   0.008574   0.533694   0.003902   0.003902   0.003902   0.003902   0.307394   
0.000181   0.000284   0.000181   0.000381   0.000157   0.000125   0.000125   0.000125   0.000125   0.000243   0.000260   0.000153   0.000105   0.000098   0.001046   0.000288   0.000981   0.003778   0.019311   0.003778   0.000181   0.000284   0.000181   0.000381   0.000158   0.000125   0.000130   0.000137   0.000129   0.000243   0.000260   0.000153   0.000105   0.000098   0.001046   0.000289   0.000981   0.003778   0.019311   0.003779   0.045403   0.008574   0.008574   0.008574   0.008574   0.533695   0.003902   0.003902   0.003902   0.003902   0.307393   
0.000181   0.000284   0.000181   0.000381   0.000157   0.000125   0.000125   0.000125   0.000125   0.000243   0.000260   0.000153   0.000105   0.000098   0.001046   0.000288   0.000981   0.003778   0.019311   0.003778   0.000181   0.000285   0.000181   0.000381   0.000157   0.000125   0.000126   0.000129   0.000137   0.000243   0.000260   0.000153   0.000105   0.000099   0.001046   0.000293   0.000981   0.003778   0.019311   0.003779   0.045403   0.008574   0.008574   0.008574   0.008574   0.533695   0.003902   0.003902   0.003902   0.003902   0.307393   
0.000181   0.000284   0.000181   0.000381   0.000157   0.000125   0.000125   0.000125   0.000125   0.000243   0.000260   0.000153   0.000105   0.000098   0.001046   0.000288   0.000981   0.003778   0.019311   0.003778   0.000184   0.000285   0.000182   0.000381   0.000157   0.000125   0.000125   0.000125   0.000125   0.000260   0.000260   0.000153   0.000107   0.000098   0.001046   0.000288   0.000981   0.003779   0.019311   0.003778   0.045403   0.008574   0.008574   0.008574   0.008574   0.533694   0.003902   0.003902   0.003902   0.003902   0.307394   
0.000181   0.000284   0.000181   0.000380   0.000157   0.000125   0.000125   0.000125   0.000125   0.000243   0.000259   0.000153   0.000104   0.000098   0.001044   0.000287   0.000979   0.003770   0.019269   0.003770   0.000181   0.000284   0.000181   0.000381   0.000157   0.000125   0.000125   0.000125   0.000125   0.000243   0.000274   0.000153   0.000107   0.000098   0.001044   0.000287   0.000979   0.003770   0.019269   0.003770   0.045318   0.008561   0.008561   0.008561   0.008561   0.532847   0.003924   0.003924   0.003924   0.003962   0.308397   
0.000180   0.000283   0.000180   0.000379   0.000156   0.000124   0.000124   0.000124   0.000124   0.000242   0.000259   0.000153   0.000104   0.000098   0.001042   0.000287   0.000977   0.003764   0.019240   0.003764   0.000180   0.000283   0.000180   0.000380   0.000156   0.000124   0.000124   0.000124   0.000124   0.000242   0.000259   0.000167   0.000104   0.000098   0.001042   0.000287   0.000977   0.003764   0.019240   0.003765   0.045260   0.008552   0.008552   0.008552   0.008552   0.532266   0.003939   0.003939   0.003939   0.004004   0.309085   
0.000181   0.000284   0.000181   0.000381   0.000157   0.000125   0.000125   0.000125   0.000125   0.000243   0.000260   0.000153   0.000105   0.000098   0.001046   0.000288   0.000981   0.003778   0.019309   0.003778   0.000182   0.000284   0.000181   0.000381   0.000157   0.000125   0.000125   0.000125   0.000125   0.000249   0.000265   0.000153   0.000115   0.000098   0.001046   0.000288   0.000981   0.003778   0.019309   0.003778   0.045399   0.008574   0.008574   0.008574   0.008574   0.533661   0.003902   0.003902   0.003903   0.003904   0.307438   
0.000181   0.000284   0.000181   0.000381   0.000157   0.000125   0.000125   0.000125   0.000125   0.000243   0.000260   0.000153   0.000105   0.000098   0.001046   0.000288   0.000981   0.003778   0.019311   0.003778   0.000181   0.000285   0.000183   0.000381   0.000161   0.000125   0.000125   0.000125   0.000126   0.000243   0.000260   0.000153   0.000105   0.000109   0.001046   0.000292   0.000981   0.003778   0.019311   0.003778   0.045403   0.008574   0.008574   0.008574   0.008574   0.533695   0.003902   0.003902   0.003902   0.003902   0.307393   
0.000181   0.000284   0.000181   0.000381   0.000157   0.000125   0.000125   0.000125   0.000125   0.000243   0.000260   0.000153   0.000105   0.000098   0.001046   0.000288   0.000981   0.003778   0.019311   0.003778   0.000181   0.000285   0.000181   0.000381   0.000157   0.000125   0.000125   0.000125   0.000125   0.000243   0.000260   0.000153   0.000105   0.000098   0.001069   0.000288   0.000981   0.003778   0.019312   0.003778   0.045403   0.008574   0.008574   0.008574   0.008574   0.533695   0.003902   0.003902   0.003902   0.003902   0.307393   
0.000181   0.000284   0.000181   0.000381   0.000157   0.000125   0.000125   0.000125   0.000125   0.000243   0.000260   0.000153   0.000105   0.000098   0.001046   0.000288   0.000981   0.003778   0.019311   0.003778   0.000181   0.000285   0.000181   0.000381   0.000157   0.000125   0.000125   0.000125   0.000127   0.000243   0.000260   0.000153   0.000105   0.000100   0.001047   0.000304   0.000984   0.003778   0.019311   0.003778   0.045403   0.008574   0.008574   0.008574   0.008574   0.533695   0.003902   0.003902   0.003902   0.003902   0.307393   
0.000181   0.000284   0.000181   0.000381   0.000157   0.000125   0.000125   0.000125   0.000125   0.000243   0.000260   0.000153   0.000105   0.000098   0.001046   0.000288   0.000981   0.003778   0.019311   0.003778   0.000181   0.000284   0.000181   0.000381   0.000157   0.000125   0.000125   0.000125   0.000125   0.000243   0.000260   0.000153   0.000105   0.000098   0.001047   0.000289   0.001004   0.003778   0.019312   0.003778   0.045403   0.008574   0.008574   0.008574   0.008574   0.533695   0.003902   0.003902   0.003902   0.003902   0.307393   
0.000181   0.000284   0.000181   0.000381   0.000157   0.000125   0.000125   0.000125   0.000125   0.000243   0.000260   0.000153   0.000105   0.000098   0.001046   0.000288   0.000981   0.003777   0.019307   0.003777   0.000181   0.000284   0.000181   0.000381   0.000157   0.000125   0.000125   0.000125   0.000125   0.000243   0.000260   0.000153   0.000105   0.000098   0.001046   0.000288   0.000981   0.003801   0.019307   0.003777   0.045394   0.008573   0.008573   0.008573   0.008573   0.533609   0.003906   0.003904   0.003904   0.003905   0.307496   
0.000181   0.000284   0.000181   0.000381   0.000157   0.000125   0.000125   0.000125   0.000125   0.000243   0.000260   0.000153   0.000105   0.000098   0.001046   0.000288   0.000981   0.003778   0.019311   0.003778   0.000181   0.000284   0.000181   0.000381   0.000157   0.000125   0.000125   0.000125   0.000125   0.000243   0.000260   0.000153   0.000105   0.000098   0.001046   0.000288   0.000981   0.003778   0.019335   0.003778   0.045402   0.008574   0.008574   0.008574   0.008574   0.533684   0.003902   0.003902   0.003902   0.003902   0.307406   
0.000181   0.000284   0.000181   0.000381   0.000157   0.000125   0.000125   0.000125   0.000125   0.000243   0.000260   0.000153   0.000105   0.000098   0.001046   0.000288   0.000981   0.003777   0.019307   0.003777   0.000181   0.000284   0.000181   0.000381   0.000157   0.000125   0.000125   0.000125   0.000125   0.000243   0.000260   0.000153   0.000105   0.000098   0.001046   0.000288   0.000981   0.003777   0.019307   0.003801   0.045394   0.008573   0.008573   0.008573   0.008573   0.533609   0.003904   0.003906   0.003904   0.003905   0.307496   
0.000173   0.000271   0.000173   0.000363   0.000149   0.000119   0.000119   0.000119   0.000119   0.000232   0.000247   0.000146   0.000100   0.000093   0.000996   0.000274   0.000934   0.003598   0.018390   0.003598   0.000173   0.000271   0.000173   0.000363   0.000149   0.000119   0.000119   0.000119   0.000119   0.000232   0.000247   0.000146   0.000100   0.000093   0.000996   0.000274   0.000934   0.003598   0.018390   0.003598   0.043381   0.008214   0.008214   0.008214   0.008214   0.511200   0.004555   0.004555   0.004555   0.004555   0.333762   
0.000167   0.000263   0.000167   0.000352   0.000145   0.000115   0.000115   0.000115   0.000115   0.000225   0.000240   0.000142   0.000097   0.000091   0.000967   0.000266   0.000907   0.003493   0.017853   0.003493   0.000167   0.000263   0.000167   0.000352   0.000145   0.000115   0.000115   0.000115   0.000115   0.000225   0.000240   0.000142   0.000097   0.000091   0.000967   0.000266   0.000907   0.003493   0.017853   0.003493   0.042227   0.008011   0.008011   0.008011   0.008011   0.498490   0.006420   0.004876   0.004876   0.004876   0.347363   
0.000167   0.000263   0.000167   0.000352   0.000145   0.000115   0.000115   0.000115   0.000115   0.000225   0.000240   0.000142   0.000097   0.000091   0.000967   0.000266   0.000907   0.003493   0.017853   0.003493   0.000167   0.000263   0.000167   0.000352   0.000145   0.000115   0.000115   0.000115   0.000115   0.000225   0.000240   0.000142   0.000097   0.000091   0.000967   0.000266   0.000907   0.003493   0.017853   0.003493   0.042227   0.008011   0.008011   0.008011   0.008011   0.498490   0.004876   0.006420   0.004876   0.004876   0.347363   
0.000167   0.000263   0.000167   0.000352   0.000145   0.000115   0.000115   0.000115   0.000115   0.000225   0.000240   0.000142   0.000097   0.000091   0.000967   0.000266   0.000907   0.003493   0.017854   0.003493   0.000167   0.000263   0.000167   0.000352   0.000145   0.000115   0.000115   0.000115   0.000115   0.000225   0.000240   0.000142   0.000097   0.000091   0.000967   0.000266   0.000907   0.003493   0.017854   0.003493   0.042228   0.008011   0.008011   0.008011   0.008011   0.498501   0.004875   0.004875   0.006419   0.004875   0.347351   
0.000167   0.000263   0.000167   0.000352   0.000145   0.000115   0.000115   0.000115   0.000115   0.000225   0.000240   0.000142   0.000097   0.000091   0.000967   0.000266   0.000907   0.003493   0.017854   0.003493   0.000167   0.000263   0.000167   0.000352   0.000145   0.000115   0.000115   0.000115   0.000115   0.000225   0.000240   0.000142   0.000097   0.000091   0.000967   0.000266   0.000907   0.003493   0.017854   0.003493   0.042228   0.008011   0.008011   0.008011   0.008011   0.498501   0.004875   0.004875   0.004875   0.006419   0.347351   
0.000165   0.000260   0.000165   0.000348   0.000143   0.000114   0.000114   0.000114   0.000114   0.000222   0.000237   0.000140   0.000096   0.000089   0.000955   0.000263   0.000895   0.003447   0.017619   0.003447   0.000165   0.000260   0.000165   0.000348   0.000143   0.000114   0.000114   0.000114   0.000114   0.000222   0.000237   0.000140   0.000096   0.000089   0.000955   0.000263   0.000895   0.003447   0.017619   0.003447   0.041666   0.007904   0.007904   0.007904   0.007904   0.491830   0.005138   0.005138   0.005138   0.005138   0.356266   
0.000002   0.000003   0.000002   0.000003   0.000001   0.000001   0.000001   0.000001   0.000001   0.000002   0.000002   0.000001   0.000001   0.000001   0.000009   0.000003   0.000009   0.000034   0.000172   0.000034   0.000002   0.000003   0.000002   0.000003   0.000001   0.000001   0.000001   0.000001   0.000001   0.000002   0.000002   0.000001   0.000001   0.000001   0.000009   0.000003   0.000009   0.000034   0.000172   0.000034   0.000495   0.000136   0.000103   0.000103   0.000103   0.006851   0.557317   0.005369   0.005369   0.005369   0.418011   
0.000002   0.000003   0.000002   0.000003   0.000001   0.000001   0.000001   0.000001   0.000001   0.000002   0.000002   0.000001   0.000001   0.000001   0.000009   0.000003   0.000009   0.000034   0.000172   0.000034   0.000002   0.000003   0.000002   0.000003   0.000001   0.000001   0.000001   0.000001   0.000001   0.000002   0.000002   0.000001   0.000001   0.000001   0.000009   0.000003   0.000009   0.000034   0.000172   0.000034   0.000495   0.000103   0.000136   0.000103   0.000103   0.006851   0.005369   0.557317   0.005369   0.005369   0.418011   
0.000002   0.000003   0.000002   0.000003   0.000001   0.000001   0.000001   0.000001   0.000001   0.000002   0.000002   0.000001   0.000001   0.000001   0.000009   0.000003   0.000009   0.000034   0.000172   0.000034   0.000002   0.000003   0.000002   0.000003   0.000001   0.000001   0.000001   0.000001   0.000001   0.000002   0.000002   0.000001   0.000001   0.000001   0.000009   0.000003   0.000009   0.000034   0.000172   0.000034   0.000495   0.000103   0.000103   0.000136   0.000103   0.006851   0.005369   0.005369   0.557317   0.005369   0.418011   
0.000002   0.000003   0.000002   0.000003   0.000001   0.000001   0.000001   0.000001   0.000001   0.000002   0.000002   0.000001   0.000001   0.000001   0.000009   0.000003   0.000009   0.000034   0.000172   0.000034   0.000002   0.000003   0.000002   0.000003   0.000001   0.000001   0.000001   0.000001   0.000001   0.000002   0.000002   0.000001   0.000001   0.000001   0.000009   0.000003   0.000009   0.000034   0.000172   0.000034   0.000495   0.000103   0.000103   0.000103   0.000136   0.006851   0.005369   0.005369   0.005369   0.557317   0.418011   
0.000006   0.000009   0.000006   0.000013   0.000005   0.000004   0.000004   0.000004   0.000004   0.000008   0.000009   0.000005   0.000003   0.000003   0.000035   0.000009   0.000032   0.000125   0.000637   0.000125   0.000006   0.000009   0.000006   0.000013   0.000005   0.000004   0.000004   0.000004   0.000004   0.000008   0.000009   0.000005   0.000003   0.000003   0.000035   0.000009   0.000032   0.000125   0.000637   0.000125   0.001709   0.000346   0.000346   0.000346   0.000346   0.022376   0.019691   0.019691   0.019691   0.019691   0.892835   
