0.000994   0.022810   0.000164   0.008883   0.002128   0.002997   0.002997   0.002997   0.002997   0.006060   0.006059   0.004422   0.001402   0.000305   0.016527   0.000154   0.009687   0.033188   
0.001062   0.022558   0.000175   0.009874   0.001751   0.003001   0.003001   0.003001   0.003001   0.006067   0.006066   0.005839   0.000874   0.000329   0.017820   0.000139   0.008721   0.033397   
0.000989   0.020301   0.000163   0.007981   0.001838   0.003002   0.003002   0.003002   0.003002   0.006070   0.006069   0.004565   0.001046   0.000309   0.016789   0.000141   0.008871   0.033233   
0.000963   0.019674   0.000159   0.007544   0.001808   0.003003   0.003003   0.003003   0.003003   0.006072   0.006070   0.004176   0.001114   0.000301   0.016345   0.000141   0.008896   0.033152   
0.000963   0.019676   0.000159   0.007544   0.001808   0.003003   0.003003   0.003003   0.003003   0.006072   0.006071   0.004176   0.001114   0.000301   0.016342   0.000141   0.008896   0.033154   
0.000963   0.019675   0.000159   0.007545   0.001808   0.003004   0.003004   0.003004   0.003004   0.006073   0.006071   0.004176   0.001114   0.000301   0.016345   0.000141   0.008896   0.033155   
0.000963   0.019676   0.000159   0.007544   0.001808   0.003004   0.003004   0.003004   0.003004   0.006073   0.006071   0.004176   0.001114   0.000301   0.016343   0.000141   0.008896   0.033157   
0.000759   0.021047   0.000125   0.005122   0.001860   0.003004   0.003004   0.003004   0.003004   0.006073   0.006071   0.003266   0.000913   0.000240   0.013082   0.000144   0.009066   0.033168   
0.000706   0.021502   0.000116   0.004488   0.001906   0.003004   0.003004   0.003004   0.003004   0.006073   0.006071   0.003011   0.000875   0.000224   0.012215   0.000146   0.009195   0.033171   
0.000861   0.021663   0.000142   0.007078   0.002086   0.003004   0.003004   0.003004   0.003004   0.006073   0.006071   0.004415   0.000874   0.000268   0.014563   0.000149   0.009370   0.033247   
0.000989   0.020133   0.000163   0.008441   0.002038   0.003004   0.003004   0.003004   0.003004   0.006073   0.006072   0.004241   0.001400   0.000305   0.016559   0.000152   0.009534   0.033225   
0.001029   0.022810   0.000170   0.009342   0.001991   0.003004   0.003004   0.003004   0.003004   0.006073   0.006072   0.005027   0.001220   0.000317   0.017168   0.000148   0.009328   0.033197   
0.001065   0.022500   0.000175   0.009935   0.001832   0.003004   0.003004   0.003004   0.003004   0.006073   0.006072   0.005803   0.000874   0.000331   0.017934   0.000144   0.009080   0.033459   
0.001138   0.022084   0.000187   0.010395   0.002212   0.003004   0.003004   0.003004   0.003004   0.006074   0.006072   0.006107   0.000874   0.000363   0.019650   0.000171   0.010738   0.033145   
0.001142   0.021769   0.000188   0.010267   0.002208   0.003004   0.003004   0.003004   0.003004   0.006074   0.006072   0.006072   0.000874   0.000365   0.019768   0.000171   0.010741   0.033146   
0.001147   0.021834   0.000189   0.010395   0.002214   0.003004   0.003004   0.003004   0.003004   0.006074   0.006072   0.006134   0.000874   0.000366   0.019814   0.000171   0.010758   0.033147   
0.001134   0.021712   0.000187   0.010082   0.002207   0.003004   0.003004   0.003004   0.003004   0.006074   0.006072   0.005985   0.000874   0.000363   0.019660   0.000171   0.010734   0.033148   
0.001132   0.021745   0.000187   0.010127   0.002206   0.003004   0.003004   0.003004   0.003004   0.006074   0.006072   0.005997   0.000874   0.000362   0.019636   0.000171   0.010702   0.033149   
0.001123   0.021459   0.000185   0.009701   0.002193   0.003004   0.003004   0.003004   0.003004   0.006074   0.006072   0.005818   0.000874   0.000362   0.019613   0.000170   0.010688   0.033149   
0.001122   0.021624   0.000185   0.009812   0.002205   0.003004   0.003004   0.003004   0.003004   0.006074   0.006072   0.005856   0.000874   0.000360   0.019533   0.000171   0.010735   0.033150   
0.001134   0.021790   0.000187   0.010103   0.002211   0.003004   0.003004   0.003004   0.003004   0.006074   0.006073   0.005994   0.000874   0.000364   0.019697   0.000171   0.010750   0.033150   
0.001143   0.021933   0.000188   0.010314   0.002226   0.003004   0.003004   0.003004   0.003004   0.006074   0.006073   0.006091   0.000874   0.000365   0.019785   0.000172   0.010817   0.033151   
0.001132   0.021843   0.000187   0.010117   0.002215   0.003005   0.003005   0.003005   0.003005   0.006074   0.006073   0.005992   0.000874   0.000362   0.019636   0.000172   0.010771   0.033152   
0.001131   0.021803   0.000186   0.010053   0.002203   0.003005   0.003005   0.003005   0.003005   0.006074   0.006073   0.005967   0.000874   0.000363   0.019643   0.000171   0.010716   0.033152   
0.001143   0.021735   0.000188   0.010220   0.002210   0.003005   0.003005   0.003005   0.003005   0.006074   0.006073   0.006060   0.000874   0.000366   0.019814   0.000171   0.010745   0.033153   
0.001135   0.021694   0.000187   0.010129   0.002221   0.003005   0.003005   0.003005   0.003005   0.006075   0.006073   0.006006   0.000874   0.000363   0.019696   0.000171   0.010745   0.033153   
0.001118   0.021514   0.000184   0.009718   0.002205   0.003005   0.003005   0.003005   0.003005   0.006075   0.006073   0.005814   0.000874   0.000360   0.019518   0.000170   0.010689   0.033153   
0.001112   0.021657   0.000183   0.009712   0.002204   0.003005   0.003005   0.003005   0.003005   0.006075   0.006073   0.005791   0.000874   0.000358   0.019397   0.000171   0.010701   0.033154   
0.001112   0.021635   0.000183   0.009723   0.002210   0.003005   0.003005   0.003005   0.003005   0.006075   0.006073   0.005794   0.000874   0.000358   0.019387   0.000171   0.010699   0.033154   
0.001106   0.021475   0.000182   0.009501   0.002209   0.003005   0.003005   0.003005   0.003005   0.006075   0.006073   0.005700   0.000874   0.000357   0.019351   0.000170   0.010698   0.033155   
0.001100   0.021411   0.000181   0.009400   0.002197   0.003005   0.003005   0.003005   0.003005   0.006075   0.006073   0.005650   0.000874   0.000355   0.019256   0.000170   0.010644   0.033155   
0.001098   0.021443   0.000181   0.009380   0.002202   0.003005   0.003005   0.003005   0.003005   0.006075   0.006073   0.005635   0.000874   0.000355   0.019231   0.000170   0.010675   0.033155   
0.001099   0.021457   0.000181   0.009400   0.002202   0.003005   0.003005   0.003005   0.003005   0.006075   0.006073   0.005648   0.000874   0.000355   0.019255   0.000170   0.010670   0.033156   
0.001100   0.021254   0.000181   0.009282   0.002190   0.003005   0.003005   0.003005   0.003005   0.006075   0.006073   0.005606   0.000874   0.000357   0.019327   0.000169   0.010631   0.033156   
0.001099   0.021377   0.000181   0.009338   0.002194   0.003005   0.003005   0.003005   0.003005   0.006075   0.006073   0.005618   0.000874   0.000356   0.019267   0.000170   0.010647   0.033156   
0.001097   0.021364   0.000181   0.009287   0.002194   0.003005   0.003005   0.003005   0.003005   0.006075   0.006073   0.005594   0.000874   0.000355   0.019253   0.000170   0.010654   0.033157   
0.001094   0.021201   0.000180   0.009092   0.002176   0.003005   0.003005   0.003005   0.003005   0.006075   0.006073   0.005520   0.000874   0.000356   0.019294   0.000169   0.010606   0.033157   
0.001097   0.021389   0.000181   0.009249   0.002197   0.003005   0.003005   0.003005   0.003005   0.006075   0.006073   0.005584   0.000874   0.000356   0.019277   0.000170   0.010681   0.033157   
0.001101   0.021303   0.000181   0.009307   0.002190   0.003005   0.003005   0.003005   0.003005   0.006075   0.006073   0.005619   0.000874   0.000357   0.019339   0.000169   0.010633   0.033157   
0.001096   0.021254   0.000181   0.009177   0.002184   0.003005   0.003005   0.003005   0.003005   0.006075   0.006073   0.005556   0.000874   0.000356   0.019296   0.000169   0.010622   0.033158   
0.001103   0.021458   0.000182   0.009437   0.002196   0.003005   0.003005   0.003005   0.003005   0.006075   0.006073   0.005669   0.000874   0.000357   0.019338   0.000170   0.010667   0.033158   
0.001100   0.021451   0.000181   0.009348   0.002189   0.003005   0.003005   0.003005   0.003005   0.006075   0.006073   0.005629   0.000874   0.000356   0.019282   0.000170   0.010664   0.033158   
0.001088   0.021213   0.000179   0.009387   0.002156   0.003005   0.003005   0.003005   0.003005   0.006075   0.006073   0.005574   0.000896   0.000349   0.018919   0.000166   0.010391   0.033201   
0.000963   0.019679   0.000159   0.007545   0.001808   0.003005   0.003005   0.003005   0.003005   0.006075   0.006073   0.004177   0.001114   0.000301   0.016347   0.000141   0.008898   0.033176   
0.000963   0.019677   0.000159   0.007544   0.001808   0.003005   0.003005   0.003005   0.003005   0.006075   0.006073   0.004176   0.001114   0.000301   0.016344   0.000141   0.008897   0.033176   
0.000963   0.019677   0.000159   0.007545   0.001808   0.003005   0.003005   0.003005   0.003005   0.006075   0.006073   0.004177   0.001113   0.000301   0.016342   0.000141   0.008897   0.033176   
0.000963   0.019680   0.000159   0.007544   0.001808   0.003005   0.003005   0.003005   0.003005   0.006075   0.006073   0.004176   0.001114   0.000301   0.016345   0.000141   0.008898   0.033176   
0.000920   0.019928   0.000152   0.007026   0.001810   0.003005   0.003005   0.003005   0.003005   0.006075   0.006073   0.003999   0.001061   0.000288   0.015660   0.000141   0.008892   0.033178   
0.000645   0.021575   0.000106   0.003609   0.001899   0.003005   0.003005   0.003005   0.003005   0.006075   0.006073   0.002535   0.000875   0.000202   0.011005   0.000144   0.009069   0.033193   
0.000804   0.023785   0.000132   0.005863   0.001978   0.003005   0.003005   0.003005   0.003005   0.006075   0.006073   0.003813   0.000875   0.000250   0.013590   0.000146   0.009184   0.033252   
0.001002   0.019523   0.000165   0.008564   0.002022   0.003005   0.003005   0.003005   0.003005   0.006075   0.006073   0.004498   0.001282   0.000310   0.016801   0.000152   0.009537   0.033254   
0.001008   0.022837   0.000166   0.009065   0.002077   0.003005   0.003005   0.003005   0.003005   0.006075   0.006074   0.004647   0.001338   0.000309   0.016779   0.000152   0.009559   0.033220   
0.001056   0.022544   0.000174   0.009825   0.001754   0.003005   0.003005   0.003005   0.003005   0.006075   0.006074   0.005785   0.000874   0.000327   0.017736   0.000139   0.008736   0.033474   
0.001117   0.022006   0.000184   0.010007   0.002193   0.003005   0.003005   0.003005   0.003005   0.006075   0.006074   0.005909   0.000874   0.000357   0.019353   0.000170   0.010663   0.033165   
0.001120   0.021904   0.000184   0.010059   0.002234   0.003005   0.003005   0.003005   0.003005   0.006075   0.006074   0.005936   0.000874   0.000358   0.019414   0.000172   0.010792   0.033160   
0.001130   0.021971   0.000186   0.010251   0.002208   0.003005   0.003005   0.003005   0.003005   0.006075   0.006074   0.006038   0.000874   0.000361   0.019551   0.000171   0.010730   0.033160   
0.001108   0.021516   0.000183   0.009638   0.002202   0.003005   0.003005   0.003005   0.003005   0.006075   0.006074   0.005754   0.000874   0.000356   0.019302   0.000170   0.010680   0.033160   
0.001118   0.021683   0.000184   0.009918   0.002214   0.003005   0.003005   0.003005   0.003005   0.006075   0.006074   0.005884   0.000874   0.000359   0.019433   0.000171   0.010710   0.033161   
0.001123   0.021780   0.000185   0.010067   0.002214   0.003005   0.003005   0.003005   0.003005   0.006075   0.006074   0.005950   0.000874   0.000359   0.019440   0.000171   0.010742   0.033161   
0.001104   0.021454   0.000182   0.009561   0.002190   0.003005   0.003005   0.003005   0.003005   0.006076   0.006074   0.005716   0.000874   0.000356   0.019267   0.000169   0.010632   0.033161   
0.001114   0.021788   0.000184   0.010009   0.002207   0.003005   0.003005   0.003005   0.003005   0.006076   0.006074   0.005903   0.000874   0.000357   0.019322   0.000170   0.010652   0.033161   
0.001114   0.021764   0.000184   0.009866   0.002186   0.003005   0.003005   0.003005   0.003005   0.006076   0.006074   0.005855   0.000874   0.000357   0.019368   0.000170   0.010653   0.033161   
0.001100   0.021322   0.000181   0.009334   0.002192   0.003005   0.003005   0.003005   0.003005   0.006076   0.006074   0.005624   0.000874   0.000356   0.019315   0.000170   0.010642   0.033161   
0.001107   0.021686   0.000182   0.009739   0.002197   0.003005   0.003005   0.003005   0.003005   0.006076   0.006074   0.005784   0.000874   0.000356   0.019282   0.000170   0.010656   0.033162   
0.001093   0.021372   0.000180   0.009230   0.002185   0.003005   0.003005   0.003005   0.003005   0.006076   0.006074   0.005569   0.000874   0.000354   0.019191   0.000170   0.010656   0.033162   
0.001111   0.021735   0.000183   0.009835   0.002203   0.003005   0.003005   0.003005   0.003005   0.006076   0.006074   0.005836   0.000874   0.000356   0.019317   0.000170   0.010672   0.033162   
0.001113   0.021740   0.000183   0.009797   0.002195   0.003005   0.003005   0.003005   0.003005   0.006076   0.006074   0.005824   0.000874   0.000357   0.019371   0.000170   0.010691   0.033162   
0.001105   0.021748   0.000182   0.009739   0.002212   0.003005   0.003005   0.003005   0.003005   0.006076   0.006074   0.005782   0.000874   0.000355   0.019252   0.000171   0.010704   0.033162   
0.001119   0.021858   0.000184   0.010054   0.002205   0.003005   0.003005   0.003005   0.003005   0.006076   0.006074   0.005931   0.000874   0.000358   0.019401   0.000170   0.010698   0.033162   
0.001117   0.021732   0.000184   0.009906   0.002208   0.003005   0.003005   0.003005   0.003005   0.006076   0.006074   0.005876   0.000874   0.000358   0.019428   0.000171   0.010702   0.033162   
0.001111   0.021598   0.000183   0.009745   0.002194   0.003005   0.003005   0.003005   0.003005   0.006076   0.006074   0.005794   0.000874   0.000357   0.019354   0.000170   0.010663   0.033162   
0.001122   0.021894   0.000185   0.010077   0.002202   0.003005   0.003005   0.003005   0.003005   0.006076   0.006074   0.005948   0.000874   0.000359   0.019452   0.000171   0.010706   0.033163   
0.001099   0.021664   0.000181   0.009591   0.002208   0.003005   0.003005   0.003005   0.003005   0.006076   0.006074   0.005709   0.000874   0.000354   0.019159   0.000170   0.010687   0.033163   
0.001123   0.021785   0.000185   0.010057   0.002206   0.003005   0.003005   0.003005   0.003005   0.006076   0.006074   0.005941   0.000874   0.000359   0.019476   0.000170   0.010681   0.033163   
0.001116   0.021724   0.000184   0.009868   0.002200   0.003005   0.003005   0.003005   0.003005   0.006076   0.006074   0.005859   0.000874   0.000358   0.019406   0.000170   0.010693   0.033163   
0.001111   0.021604   0.000183   0.009810   0.002235   0.003005   0.003005   0.003005   0.003005   0.006076   0.006074   0.005827   0.000874   0.000357   0.019349   0.000171   0.010754   0.033163   
0.001104   0.021569   0.000182   0.009678   0.002213   0.003005   0.003005   0.003005   0.003005   0.006076   0.006074   0.005757   0.000874   0.000355   0.019231   0.000170   0.010679   0.033163   
0.001107   0.021643   0.000182   0.009721   0.002212   0.003005   0.003005   0.003005   0.003005   0.006076   0.006074   0.005785   0.000874   0.000356   0.019282   0.000170   0.010691   0.033163   
0.001107   0.021562   0.000182   0.009630   0.002205   0.003005   0.003005   0.003005   0.003005   0.006076   0.006074   0.005753   0.000874   0.000356   0.019317   0.000170   0.010691   0.033163   
0.001100   0.021345   0.000181   0.009354   0.002195   0.003005   0.003005   0.003005   0.003005   0.006076   0.006074   0.005629   0.000874   0.000356   0.019318   0.000170   0.010647   0.033163   
0.001103   0.021772   0.000182   0.009757   0.002204   0.003005   0.003005   0.003005   0.003005   0.006076   0.006074   0.005778   0.000874   0.000353   0.019143   0.000170   0.010693   0.033164   
0.001114   0.021660   0.000184   0.009871   0.002233   0.003005   0.003005   0.003005   0.003005   0.006076   0.006074   0.005855   0.000874   0.000358   0.019378   0.000171   0.010739   0.033164   
0.001102   0.021389   0.000182   0.009422   0.002209   0.003005   0.003005   0.003005   0.003005   0.006076   0.006074   0.005662   0.000874   0.000357   0.019331   0.000170   0.010682   0.033164   
0.001101   0.021473   0.000181   0.009479   0.002210   0.003005   0.003005   0.003005   0.003005   0.006076   0.006074   0.005681   0.000874   0.000355   0.019265   0.000170   0.010697   0.033164   
0.001106   0.021378   0.000182   0.009469   0.002197   0.003005   0.003005   0.003005   0.003005   0.006076   0.006074   0.005692   0.000874   0.000358   0.019404   0.000170   0.010652   0.033164   
0.001098   0.021252   0.000181   0.009274   0.002202   0.003005   0.003005   0.003005   0.003005   0.006076   0.006074   0.005599   0.000874   0.000356   0.019316   0.000169   0.010623   0.033164   
0.001094   0.021469   0.000180   0.009338   0.002201   0.003005   0.003005   0.003005   0.003005   0.006076   0.006074   0.005607   0.000874   0.000354   0.019175   0.000170   0.010672   0.033164   
0.001103   0.021397   0.000182   0.009467   0.002208   0.003005   0.003005   0.003005   0.003005   0.006076   0.006074   0.005680   0.000874   0.000357   0.019324   0.000170   0.010676   0.033164   
0.001103   0.021370   0.000182   0.009469   0.002210   0.003005   0.003005   0.003005   0.003005   0.006076   0.006074   0.005682   0.000874   0.000357   0.019332   0.000170   0.010671   0.033164   
0.001098   0.021349   0.000181   0.009310   0.002199   0.003005   0.003005   0.003005   0.003005   0.006076   0.006074   0.005610   0.000874   0.000355   0.019253   0.000170   0.010670   0.033164   
0.001107   0.021385   0.000182   0.009455   0.002199   0.003005   0.003005   0.003005   0.003005   0.006076   0.006074   0.005688   0.000874   0.000359   0.019429   0.000170   0.010666   0.033165   
0.001102   0.021417   0.000181   0.009533   0.002214   0.003005   0.003005   0.003005   0.003005   0.006076   0.006074   0.005701   0.000874   0.000355   0.019263   0.000170   0.010663   0.033165   
0.001096   0.021184   0.000181   0.009174   0.002198   0.003005   0.003005   0.003005   0.003005   0.006076   0.006074   0.005553   0.000874   0.000356   0.019301   0.000170   0.010652   0.033165   
0.001099   0.021616   0.000181   0.009500   0.002219   0.003005   0.003005   0.003005   0.003005   0.006076   0.006074   0.005678   0.000874   0.000355   0.019221   0.000171   0.010738   0.033165   
0.001087   0.021081   0.000179   0.008966   0.002181   0.003005   0.003005   0.003005   0.003005   0.006076   0.006074   0.005455   0.000874   0.000354   0.019203   0.000169   0.010601   0.033165   
0.001089   0.021181   0.000179   0.009018   0.002186   0.003005   0.003005   0.003005   0.003005   0.006076   0.006074   0.005477   0.000874   0.000355   0.019226   0.000169   0.010636   0.033165   
0.001098   0.021249   0.000181   0.009244   0.002179   0.003005   0.003005   0.003005   0.003005   0.006076   0.006074   0.005588   0.000874   0.000357   0.019326   0.000169   0.010600   0.033165   
0.001097   0.021212   0.000181   0.009154   0.002192   0.003005   0.003005   0.003005   0.003005   0.006076   0.006074   0.005546   0.000874   0.000357   0.019355   0.000170   0.010651   0.033165   
0.001100   0.021558   0.000181   0.009508   0.002208   0.003005   0.003005   0.003005   0.003005   0.006076   0.006074   0.005688   0.000874   0.000355   0.019246   0.000170   0.010688   0.033165   
0.001096   0.021214   0.000181   0.009212   0.002183   0.003005   0.003005   0.003005   0.003005   0.006076   0.006074   0.005569   0.000874   0.000356   0.019287   0.000169   0.010600   0.033165   
0.001100   0.021323   0.000181   0.009353   0.002207   0.003005   0.003005   0.003005   0.003005   0.006076   0.006074   0.005634   0.000874   0.000356   0.019307   0.000170   0.010668   0.033165   
0.001095   0.021436   0.000180   0.009358   0.002195   0.003005   0.003005   0.003005   0.003005   0.006076   0.006074   0.005619   0.000874   0.000354   0.019182   0.000170   0.010648   0.033165   
0.001096   0.021487   0.000181   0.009379   0.002202   0.003005   0.003005   0.003005   0.003005   0.006076   0.006074   0.005629   0.000874   0.000354   0.019213   0.000170   0.010684   0.033165   
0.001102   0.021365   0.000182   0.009366   0.002206   0.003005   0.003005   0.003005   0.003005   0.006076   0.006074   0.005644   0.000874   0.000357   0.019359   0.000170   0.010690   0.033166   
0.001096   0.021447   0.000181   0.009336   0.002188   0.003005   0.003005   0.003005   0.003005   0.006076   0.006074   0.005615   0.000874   0.000355   0.019218   0.000170   0.010649   0.033166   
0.001102   0.021432   0.000182   0.009420   0.002194   0.003005   0.003005   0.003005   0.003005   0.006076   0.006074   0.005660   0.000874   0.000356   0.019318   0.000170   0.010651   0.033166   
0.001099   0.021475   0.000181   0.009315   0.002174   0.003005   0.003005   0.003005   0.003005   0.006076   0.006074   0.005615   0.000874   0.000356   0.019303   0.000169   0.010604   0.033166   
0.001060   0.020780   0.000175   0.009308   0.002121   0.003005   0.003005   0.003005   0.003005   0.006076   0.006074   0.005413   0.000918   0.000337   0.018281   0.000161   0.010137   0.033216   
0.000963   0.019680   0.000159   0.007544   0.001808   0.003005   0.003005   0.003005   0.003005   0.006076   0.006074   0.004176   0.001114   0.000301   0.016350   0.000141   0.008899   0.033184   
0.000963   0.019677   0.000159   0.007544   0.001808   0.003005   0.003005   0.003005   0.003005   0.006076   0.006074   0.004176   0.001114   0.000301   0.016348   0.000141   0.008899   0.033183   
0.000963   0.019678   0.000159   0.007544   0.001808   0.003005   0.003005   0.003005   0.003005   0.006076   0.006074   0.004176   0.001114   0.000301   0.016347   0.000141   0.008898   0.033183   
0.000963   0.019680   0.000159   0.007545   0.001809   0.003005   0.003005   0.003005   0.003005   0.006076   0.006074   0.004176   0.001114   0.000301   0.016348   0.000141   0.008899   0.033183   
0.000889   0.020065   0.000146   0.006623   0.001818   0.003005   0.003005   0.003005   0.003005   0.006076   0.006074   0.003821   0.001041   0.000279   0.015133   0.000141   0.008897   0.033187   
0.000623   0.021499   0.000103   0.003260   0.001894   0.003005   0.003005   0.003005   0.003005   0.006076   0.006074   0.002343   0.000875   0.000194   0.010583   0.000143   0.009019   0.033201   
0.000883   0.023450   0.000145   0.006955   0.002009   0.003005   0.003005   0.003005   0.003005   0.006076   0.006074   0.004355   0.000875   0.000273   0.014856   0.000149   0.009338   0.033285   
0.000983   0.020277   0.000162   0.008358   0.002036   0.003005   0.003005   0.003005   0.003005   0.006076   0.006074   0.004176   0.001418   0.000303   0.016438   0.000152   0.009532   0.033243   
0.001032   0.022810   0.000170   0.009384   0.001978   0.003005   0.003005   0.003005   0.003005   0.006076   0.006074   0.005085   0.001202   0.000318   0.017229   0.000148   0.009294   0.033217   
0.001066   0.022418   0.000176   0.009877   0.001842   0.003005   0.003005   0.003005   0.003005   0.006076   0.006074   0.005779   0.000874   0.000332   0.017989   0.000145   0.009133   0.033479   
0.001119   0.021983   0.000184   0.010072   0.002199   0.003005   0.003005   0.003005   0.003005   0.006076   0.006074   0.005938   0.000874   0.000358   0.019385   0.000170   0.010687   0.033166   
0.001120   0.021841   0.000184   0.010007   0.002226   0.003005   0.003005   0.003005   0.003005   0.006076   0.006074   0.005919   0.000874   0.000359   0.019438   0.000172   0.010764   0.033166   
0.001127   0.021873   0.000186   0.010208   0.002204   0.003005   0.003005   0.003005   0.003005   0.006076   0.006074   0.006007   0.000874   0.000360   0.019511   0.000170   0.010691   0.033166   
0.001111   0.021497   0.000183   0.009679   0.002189   0.003005   0.003005   0.003005   0.003005   0.006076   0.006074   0.005777   0.000874   0.000357   0.019356   0.000170   0.010661   0.033166   
0.001120   0.021696   0.000184   0.009981   0.002217   0.003005   0.003005   0.003005   0.003005   0.006076   0.006074   0.005912   0.000874   0.000359   0.019449   0.000171   0.010714   0.033166   
0.001130   0.021785   0.000186   0.010145   0.002210   0.003006   0.003006   0.003006   0.003006   0.006076   0.006074   0.005994   0.000874   0.000361   0.019553   0.000171   0.010731   0.033167   
0.001112   0.021611   0.000183   0.009746   0.002199   0.003006   0.003006   0.003006   0.003006   0.006076   0.006074   0.005802   0.000874   0.000357   0.019346   0.000170   0.010681   0.033167   
0.001117   0.021858   0.000184   0.010087   0.002211   0.003006   0.003006   0.003006   0.003006   0.006076   0.006075   0.005939   0.000874   0.000357   0.019350   0.000170   0.010667   0.033167   
0.001124   0.021860   0.000185   0.010085   0.002192   0.003006   0.003006   0.003006   0.003006   0.006076   0.006075   0.005957   0.000874   0.000360   0.019490   0.000170   0.010685   0.033167   
0.001100   0.021303   0.000181   0.009326   0.002192   0.003006   0.003006   0.003006   0.003006   0.006076   0.006075   0.005623   0.000874   0.000356   0.019306   0.000170   0.010646   0.033167   
0.001115   0.021813   0.000184   0.009932   0.002205   0.003006   0.003006   0.003006   0.003006   0.006076   0.006075   0.005879   0.000874   0.000357   0.019347   0.000170   0.010695   0.033167   
0.001097   0.021304   0.000181   0.009216   0.002182   0.003006   0.003006   0.003006   0.003006   0.006076   0.006075   0.005572   0.000874   0.000356   0.019279   0.000170   0.010640   0.033167   
0.001120   0.021825   0.000185   0.009998   0.002213   0.003006   0.003006   0.003006   0.003006   0.006076   0.006075   0.005916   0.000874   0.000358   0.019423   0.000171   0.010721   0.033167   
0.001124   0.021799   0.000185   0.010000   0.002203   0.003006   0.003006   0.003006   0.003006   0.006076   0.006075   0.005931   0.000874   0.000360   0.019513   0.000171   0.010734   0.033167   
0.001108   0.021706   0.000183   0.009743   0.002211   0.003006   0.003006   0.003006   0.003006   0.006076   0.006075   0.005792   0.000874   0.000356   0.019319   0.000171   0.010703   0.033168   
0.001127   0.021997   0.000186   0.010246   0.002214   0.003006   0.003006   0.003006   0.003006   0.006076   0.006075   0.006019   0.000874   0.000360   0.019482   0.000171   0.010740   0.033168   
0.001118   0.021704   0.000184   0.009886   0.002211   0.003006   0.003006   0.003006   0.003006   0.006076   0.006075   0.005872   0.000874   0.000359   0.019462   0.000171   0.010723   0.033168   
0.001115   0.021597   0.000184   0.009795   0.002198   0.003006   0.003006   0.003006   0.003006   0.006076   0.006075   0.005829   0.000874   0.000358   0.019413   0.000170   0.010679   0.033168   
0.001124   0.021844   0.000185   0.010066   0.002200   0.003006   0.003006   0.003006   0.003006   0.006076   0.006075   0.005949   0.000874   0.000360   0.019489   0.000171   0.010705   0.033168   
0.001102   0.021538   0.000182   0.009553   0.002206   0.003006   0.003006   0.003006   0.003006   0.006076   0.006075   0.005708   0.000874   0.000355   0.019264   0.000170   0.010667   0.033168   
0.001122   0.021779   0.000185   0.010053   0.002206   0.003006   0.003006   0.003006   0.003006   0.006076   0.006075   0.005939   0.000874   0.000359   0.019456   0.000170   0.010678   0.033168   
0.001123   0.021707   0.000185   0.009944   0.002201   0.003006   0.003006   0.003006   0.003006   0.006076   0.006075   0.005904   0.000874   0.000360   0.019523   0.000171   0.010700   0.033168   
0.001116   0.021641   0.000184   0.009860   0.002236   0.003006   0.003006   0.003006   0.003006   0.006076   0.006075   0.005857   0.000874   0.000359   0.019450   0.000172   0.010765   0.033168   
0.001114   0.021522   0.000184   0.009764   0.002214   0.003006   0.003006   0.003006   0.003006   0.006076   0.006075   0.005814   0.000874   0.000358   0.019402   0.000170   0.010694   0.033168   
0.001114   0.021651   0.000183   0.009828   0.002217   0.003006   0.003006   0.003006   0.003006   0.006076   0.006075   0.005837   0.000874   0.000357   0.019373   0.000171   0.010707   0.033168   
0.001109   0.021504   0.000183   0.009607   0.002205   0.003006   0.003006   0.003006   0.003006   0.006076   0.006075   0.005747   0.000874   0.000357   0.019373   0.000170   0.010688   0.033169   
0.001101   0.021452   0.000181   0.009402   0.002204   0.003006   0.003006   0.003006   0.003006   0.006076   0.006075   0.005650   0.000874   0.000356   0.019297   0.000170   0.010686   0.033169   
0.001103   0.021715   0.000182   0.009680   0.002203   0.003006   0.003006   0.003006   0.003006   0.006076   0.006075   0.005751   0.000874   0.000354   0.019195   0.000170   0.010699   0.033169   
0.001113   0.021626   0.000183   0.009835   0.002231   0.003006   0.003006   0.003006   0.003006   0.006076   0.006075   0.005841   0.000874   0.000357   0.019364   0.000171   0.010735   0.033169   
0.001102   0.021373   0.000182   0.009418   0.002208   0.003006   0.003006   0.003006   0.003006   0.006076   0.006075   0.005658   0.000874   0.000357   0.019338   0.000170   0.010674   0.033169   
0.001102   0.021495   0.000182   0.009515   0.002211   0.003006   0.003006   0.003006   0.003006   0.006076   0.006075   0.005696   0.000874   0.000356   0.019268   0.000170   0.010696   0.033169   
0.001104   0.021489   0.000182   0.009521   0.002203   0.003006   0.003006   0.003006   0.003006   0.006077   0.006075   0.005705   0.000874   0.000357   0.019326   0.000170   0.010679   0.033169   
0.001095   0.021191   0.000180   0.009191   0.002198   0.003006   0.003006   0.003006   0.003006   0.006077   0.006075   0.005562   0.000874   0.000355   0.019261   0.000169   0.010611   0.033169   
0.001096   0.021476   0.000180   0.009357   0.002201   0.003006   0.003006   0.003006   0.003006   0.006077   0.006075   0.005616   0.000874   0.000354   0.019208   0.000170   0.010672   0.033169   
0.001104   0.021381   0.000182   0.009431   0.002207   0.003006   0.003006   0.003006   0.003006   0.006077   0.006075   0.005668   0.000874   0.000357   0.019344   0.000170   0.010683   0.033169   
0.001102   0.021421   0.000182   0.009481   0.002211   0.003006   0.003006   0.003006   0.003006   0.006077   0.006075   0.005683   0.000874   0.000356   0.019300   0.000170   0.010679   0.033169   
0.001097   0.021359   0.000181   0.009303   0.002198   0.003006   0.003006   0.003006   0.003006   0.006077   0.006075   0.005600   0.000874   0.000355   0.019220   0.000170   0.010670   0.033169   
0.001106   0.021318   0.000182   0.009421   0.002194   0.003006   0.003006   0.003006   0.003006   0.006077   0.006075   0.005673   0.000874   0.000358   0.019427   0.000170   0.010644   0.033169   
0.001101   0.021426   0.000181   0.009529   0.002217   0.003006   0.003006   0.003006   0.003006   0.006077   0.006075   0.005701   0.000874   0.000355   0.019250   0.000170   0.010674   0.033170   
0.001095   0.021198   0.000180   0.009185   0.002199   0.003006   0.003006   0.003006   0.003006   0.006077   0.006075   0.005557   0.000874   0.000356   0.019269   0.000170   0.010653   0.033170   
0.001101   0.021646   0.000181   0.009569   0.002221   0.003006   0.003006   0.003006   0.003006   0.006077   0.006075   0.005709   0.000874   0.000355   0.019225   0.000171   0.010735   0.033170   
0.001089   0.021246   0.000179   0.009125   0.002190   0.003006   0.003006   0.003006   0.003006   0.006077   0.006075   0.005512   0.000874   0.000353   0.019157   0.000169   0.010622   0.033170   
0.001090   0.021093   0.000180   0.008962   0.002183   0.003006   0.003006   0.003006   0.003006   0.006077   0.006075   0.005456   0.000874   0.000355   0.019257   0.000169   0.010622   0.033170   
0.001100   0.021411   0.000181   0.009374   0.002190   0.003006   0.003006   0.003006   0.003006   0.006077   0.006075   0.005635   0.000874   0.000356   0.019282   0.000170   0.010643   0.033170   
0.001097   0.021189   0.000181   0.009152   0.002190   0.003006   0.003006   0.003006   0.003006   0.006077   0.006075   0.005543   0.000874   0.000357   0.019339   0.000169   0.010632   0.033170   
0.001101   0.021603   0.000181   0.009533   0.002214   0.003006   0.003006   0.003006   0.003006   0.006077   0.006075   0.005701   0.000874   0.000355   0.019252   0.000171   0.010705   0.033170   
0.001097   0.021299   0.000181   0.009288   0.002192   0.003006   0.003006   0.003006   0.003006   0.006077   0.006075   0.005601   0.000874   0.000355   0.019260   0.000169   0.010624   0.033170   
0.001100   0.021259   0.000181   0.009309   0.002193   0.003006   0.003006   0.003006   0.003006   0.006077   0.006075   0.005618   0.000874   0.000357   0.019330   0.000169   0.010635   0.033170   
0.001099   0.021515   0.000181   0.009471   0.002205   0.003006   0.003006   0.003006   0.003006   0.006077   0.006075   0.005670   0.000874   0.000355   0.019238   0.000170   0.010668   0.033170   
0.001098   0.021377   0.000181   0.009338   0.002194   0.003006   0.003006   0.003006   0.003006   0.006077   0.006075   0.005623   0.000874   0.000356   0.019285   0.000170   0.010646   0.033170   
0.001102   0.021407   0.000182   0.009369   0.002204   0.003006   0.003006   0.003006   0.003006   0.006077   0.006075   0.005642   0.000874   0.000357   0.019340   0.000170   0.010692   0.033170   
0.001094   0.021358   0.000180   0.009238   0.002183   0.003006   0.003006   0.003006   0.003006   0.006077   0.006075   0.005569   0.000874   0.000354   0.019207   0.000170   0.010641   0.033170   
0.001102   0.021462   0.000182   0.009454   0.002196   0.003006   0.003006   0.003006   0.003006   0.006077   0.006075   0.005672   0.000874   0.000356   0.019314   0.000170   0.010660   0.033170   
0.001099   0.021615   0.000181   0.009355   0.002180   0.003006   0.003006   0.003006   0.003006   0.006077   0.006075   0.005630   0.000874   0.000355   0.019261   0.000169   0.010622   0.033171   
0.001030   0.020263   0.000170   0.008857   0.002039   0.003006   0.003006   0.003006   0.003006   0.006077   0.006075   0.005082   0.000966   0.000326   0.017670   0.000155   0.009768   0.033226   
0.000963   0.019679   0.000159   0.007544   0.001808   0.003006   0.003006   0.003006   0.003006   0.006077   0.006075   0.004176   0.001114   0.000301   0.016349   0.000141   0.008899   0.033188   
0.000963   0.019679   0.000159   0.007544   0.001808   0.003006   0.003006   0.003006   0.003006   0.006077   0.006075   0.004176   0.001114   0.000301   0.016345   0.000141   0.008898   0.033188   
0.000963   0.019678   0.000159   0.007544   0.001808   0.003006   0.003006   0.003006   0.003006   0.006077   0.006075   0.004176   0.001114   0.000301   0.016346   0.000141   0.008898   0.033188   
0.000963   0.019681   0.000159   0.007544   0.001809   0.003006   0.003006   0.003006   0.003006   0.006077   0.006075   0.004176   0.001114   0.000301   0.016348   0.000141   0.008899   0.033188   
0.000825   0.020455   0.000136   0.005827   0.001839   0.003006   0.003006   0.003006   0.003006   0.006077   0.006075   0.003492   0.000993   0.000259   0.014054   0.000142   0.008936   0.033195   
0.000629   0.021517   0.000104   0.003354   0.001898   0.003006   0.003006   0.003006   0.003006   0.006077   0.006075   0.002397   0.000875   0.000196   0.010704   0.000144   0.009037   0.033205   
0.000957   0.023045   0.000158   0.008021   0.002053   0.003006   0.003006   0.003006   0.003006   0.006077   0.006075   0.004901   0.000874   0.000296   0.016075   0.000151   0.009496   0.033309   
0.000968   0.020872   0.000160   0.008200   0.002052   0.003006   0.003006   0.003006   0.003006   0.006077   0.006075   0.003919   0.001528   0.000298   0.016169   0.000152   0.009536   0.033235   
0.001050   0.022775   0.000173   0.009620   0.001898   0.003006   0.003006   0.003006   0.003006   0.006077   0.006075   0.005417   0.001092   0.000324   0.017556   0.000144   0.009085   0.033231   
0.001072   0.022315   0.000177   0.009884   0.001921   0.003006   0.003006   0.003006   0.003006   0.006077   0.006075   0.005764   0.000874   0.000335   0.018190   0.000151   0.009467   0.033463   
0.001130   0.021954   0.000186   0.010217   0.002205   0.003006   0.003006   0.003006   0.003006   0.006077   0.006075   0.006021   0.000874   0.000361   0.019545   0.000171   0.010706   0.033170   
0.001126   0.021961   0.000186   0.010140   0.002229   0.003006   0.003006   0.003006   0.003006   0.006077   0.006075   0.005984   0.000874   0.000360   0.019513   0.000172   0.010798   0.033171   
0.001124   0.021809   0.000185   0.010089   0.002217   0.003006   0.003006   0.003006   0.003006   0.006077   0.006075   0.005957   0.000874   0.000360   0.019493   0.000171   0.010728   0.033171   
0.001126   0.021599   0.000185   0.009961   0.002190   0.003006   0.003006   0.003006   0.003006   0.006077   0.006075   0.005917   0.000874   0.000360   0.019525   0.000170   0.010680   0.033171   
0.001126   0.021695   0.000186   0.010043   0.002219   0.003006   0.003006   0.003006   0.003006   0.006077   0.006075   0.005949   0.000874   0.000361   0.019565   0.000171   0.010724   0.033171   
0.001117   0.021483   0.000184   0.009768   0.002199   0.003006   0.003006   0.003006   0.003006   0.006077   0.006075   0.005824   0.000874   0.000359   0.019439   0.000170   0.010670   0.033171   
0.001126   0.021660   0.000185   0.009992   0.002195   0.003006   0.003006   0.003006   0.003006   0.006077   0.006075   0.005928   0.000874   0.000361   0.019545   0.000170   0.010686   0.033171   
0.001112   0.021780   0.000183   0.009967   0.002209   0.003006   0.003006   0.003006   0.003006   0.006077   0.006075   0.005878   0.000874   0.000356   0.019268   0.000170   0.010670   0.033172   
0.001129   0.021825   0.000186   0.010136   0.002198   0.003006   0.003006   0.003006   0.003006   0.006077   0.006075   0.005988   0.000874   0.000361   0.019553   0.000170   0.010700   0.033172   
0.001104   0.021360   0.000182   0.009396   0.002195   0.003006   0.003006   0.003006   0.003006   0.006077   0.006075   0.005656   0.000874   0.000357   0.019351   0.000170   0.010669   0.033172   
0.001118   0.021679   0.000184   0.009909   0.002199   0.003006   0.003006   0.003006   0.003006   0.006077   0.006075   0.005876   0.000874   0.000358   0.019416   0.000170   0.010674   0.033172   
0.001106   0.021505   0.000182   0.009489   0.002194   0.003006   0.003006   0.003006   0.003006   0.006077   0.006075   0.005702   0.000874   0.000357   0.019348   0.000170   0.010692   0.033172   
0.001121   0.021778   0.000185   0.009998   0.002215   0.003006   0.003006   0.003006   0.003006   0.006077   0.006075   0.005918   0.000874   0.000359   0.019434   0.000171   0.010732   0.033172   
0.001132   0.022027   0.000186   0.010298   0.002216   0.003006   0.003006   0.003006   0.003006   0.006077   0.006075   0.006057   0.000874   0.000361   0.019553   0.000172   0.010768   0.033172   
0.001108   0.021519   0.000182   0.009596   0.002205   0.003006   0.003006   0.003006   0.003006   0.006077   0.006075   0.005738   0.000874   0.000357   0.019369   0.000170   0.010677   0.033172   
0.001131   0.021978   0.000186   0.010276   0.002227   0.003006   0.003006   0.003006   0.003006   0.006077   0.006075   0.006045   0.000874   0.000361   0.019541   0.000172   0.010791   0.033172   
0.001136   0.021964   0.000187   0.010305   0.002212   0.003006   0.003006   0.003006   0.003006   0.006077   0.006075   0.006074   0.000874   0.000362   0.019642   0.000171   0.010759   0.033172   
0.001105   0.021326   0.000182   0.009448   0.002194   0.003006   0.003006   0.003006   0.003006   0.006077   0.006075   0.005676   0.000874   0.000357   0.019355   0.000170   0.010640   0.033173   
0.001127   0.022001   0.000186   0.010237   0.002216   0.003006   0.003006   0.003006   0.003006   0.006077   0.006075   0.006020   0.000874   0.000359   0.019474   0.000171   0.010747   0.033173   
0.001112   0.021642   0.000183   0.009715   0.002197   0.003006   0.003006   0.003006   0.003006   0.006077   0.006075   0.005790   0.000874   0.000358   0.019375   0.000170   0.010671   0.033173   
0.001116   0.021666   0.000184   0.009831   0.002210   0.003006   0.003006   0.003006   0.003006   0.006077   0.006075   0.005845   0.000874   0.000358   0.019409   0.000171   0.010714   0.033173   
0.001129   0.021805   0.000186   0.010136   0.002210   0.003006   0.003006   0.003006   0.003006   0.006077   0.006075   0.005990   0.000874   0.000361   0.019581   0.000171   0.010721   0.033173   
0.001131   0.021667   0.000186   0.010088   0.002226   0.003006   0.003006   0.003006   0.003006   0.006077   0.006075   0.005982   0.000874   0.000363   0.019649   0.000171   0.010758   0.033173   
0.001107   0.021434   0.000182   0.009623   0.002212   0.003006   0.003006   0.003006   0.003006   0.006077   0.006075   0.005743   0.000874   0.000356   0.019300   0.000170   0.010680   0.033173   
0.001117   0.021717   0.000184   0.009913   0.002222   0.003006   0.003006   0.003006   0.003006   0.006077   0.006075   0.005880   0.000874   0.000358   0.019427   0.000171   0.010733   0.033173   
0.001117   0.021672   0.000184   0.009795   0.002209   0.003006   0.003006   0.003006   0.003006   0.006077   0.006075   0.005839   0.000874   0.000360   0.019486   0.000171   0.010709   0.033173   
0.001099   0.021342   0.000181   0.009328   0.002196   0.003006   0.003006   0.003006   0.003006   0.006077   0.006075   0.005620   0.000874   0.000356   0.019287   0.000170   0.010660   0.033173   
0.001107   0.021713   0.000182   0.009787   0.002208   0.003006   0.003006   0.003006   0.003006   0.006077   0.006075   0.005805   0.000874   0.000355   0.019243   0.000170   0.010692   0.033173   
0.001112   0.021635   0.000183   0.009809   0.002220   0.003006   0.003006   0.003006   0.003006   0.006077   0.006075   0.005827   0.000874   0.000357   0.019351   0.000171   0.010716   0.033174   
0.001105   0.021373   0.000182   0.009495   0.002212   0.003006   0.003006   0.003006   0.003006   0.006077   0.006075   0.005694   0.000874   0.000357   0.019348   0.000170   0.010675   0.033173   
0.001105   0.021597   0.000182   0.009640   0.002216   0.003006   0.003006   0.003006   0.003006   0.006077   0.006075   0.005751   0.000874   0.000356   0.019285   0.000171   0.010714   0.033174   
0.000805   0.015603   0.000133   0.006948   0.001603   0.002185   0.002185   0.002185   0.002185   0.004418   0.004417   0.004163   0.000635   0.000260   0.014084   0.000124   0.007758   0.024117   