0.091583
0.093279
0.087140
0.085275
0.085275
0.085283
0.085281
0.079784
0.078544
0.085629
0.088116
0.092711
0.093834
0.098081
0.097727
0.098058
0.097271
0.097301
0.096348
0.096639
0.097438
0.098071
0.097468
0.097277
0.097693
0.097389
0.096332
0.096328
0.096314
0.095791
0.095406
0.095412
0.095479
0.095139
0.095289
0.095191
0.094730
0.095223
0.095241
0.094933
0.095619
0.095412
0.094486
0.085300
0.085292
0.085291
0.085297
0.084045
0.075832
0.084588
0.088024
0.092106
0.093119
0.097002
0.097216
0.097640
0.095952
0.096717
0.097074
0.095675
0.096750
0.096561
0.095280
0.096203
0.095044
0.096462
0.096485
0.096294
0.097022
0.096726
0.096213
0.097160
0.095866
0.097027
0.096622
0.096445
0.095982
0.096193
0.096017
0.095339
0.096199
0.096607
0.095550
0.095656
0.095652
0.095114
0.095304
0.095608
0.095590
0.095239
0.095684
0.095643
0.094909
0.095822
0.094320
0.094560
0.095035
0.094959
0.095746
0.094911
0.095343
0.095281
0.095439
0.095485
0.095299
0.095529
0.095335
0.092861
0.085305
0.085300
0.085299
0.085305
0.083023
0.074706
0.087458
0.088005
0.092820
0.093801
0.097139
0.097074
0.097381
0.096024
0.096847
0.097314
0.096255
0.096989
0.097157
0.095252
0.096746
0.095046
0.096979
0.097069
0.096341
0.097591
0.096739
0.096387
0.097142
0.095794
0.096996
0.096867
0.096689
0.096285
0.096487
0.095992
0.095548
0.096101
0.096505
0.095529
0.095740
0.095786
0.094863
0.095380
0.095577
0.095635
0.095203
0.095543
0.095654
0.094912
0.095963
0.094692
0.094417
0.095392
0.094899
0.095866
0.095116
0.095201
0.095622
0.095318
0.095515
0.095044
0.095618
0.095517
0.090502
0.085309
0.085304
0.085304
0.085311
0.081134
0.075031
0.090203
0.088030
0.093310
0.094326
0.097546
0.097519
0.097183
0.096763
0.097089
0.096263
0.096898
0.096643
0.097296
0.095490
0.096633
0.095795
0.096961
0.097820
0.095971
0.097758
0.097862
0.095503
0.097588
0.096263
0.096554
0.097340
0.097271
0.095857
0.096772
0.096592
0.095289
0.096312
0.096431
0.095661
0.096067
0.069691
