0.000750   0.020618   0.000123   0.005078   0.002002   0.002997   0.002997   0.002997   0.002997   0.006060   0.006059   0.003216   0.000891   0.000237   0.012902   0.000149   0.009332   0.033132   
0.000754   0.020694   0.000124   0.005146   0.002004   0.003001   0.003001   0.003001   0.003001   0.006067   0.006066   0.003258   0.000891   0.000238   0.012968   0.000149   0.009340   0.033137   
0.000758   0.020725   0.000125   0.005200   0.002008   0.003002   0.003002   0.003002   0.003002   0.006070   0.006069   0.003288   0.000890   0.000239   0.013026   0.000149   0.009356   0.033141   
0.000757   0.020725   0.000125   0.005198   0.002008   0.003003   0.003003   0.003003   0.003003   0.006072   0.006070   0.003286   0.000891   0.000239   0.013024   0.000149   0.009356   0.033144   
0.000758   0.020717   0.000125   0.005196   0.002008   0.003003   0.003003   0.003003   0.003003   0.006072   0.006071   0.003286   0.000890   0.000240   0.013028   0.000149   0.009356   0.033146   
0.000758   0.020718   0.000125   0.005196   0.002008   0.003004   0.003004   0.003004   0.003004   0.006072   0.006071   0.003286   0.000890   0.000240   0.013028   0.000149   0.009356   0.033148   
0.000758   0.020717   0.000125   0.005196   0.002007   0.003004   0.003004   0.003004   0.003004   0.006073   0.006071   0.003286   0.000890   0.000239   0.013028   0.000149   0.009356   0.033149   
0.000758   0.020719   0.000125   0.005200   0.002008   0.003004   0.003004   0.003004   0.003004   0.006073   0.006071   0.003289   0.000890   0.000240   0.013032   0.000149   0.009357   0.033150   
0.000758   0.020720   0.000125   0.005198   0.002008   0.003004   0.003004   0.003004   0.003004   0.006073   0.006071   0.003288   0.000890   0.000239   0.013025   0.000149   0.009356   0.033152   
0.000758   0.020721   0.000125   0.005202   0.002008   0.003004   0.003004   0.003004   0.003004   0.006073   0.006071   0.003290   0.000890   0.000240   0.013030   0.000149   0.009357   0.033154   
0.000758   0.020723   0.000125   0.005201   0.002008   0.003004   0.003004   0.003004   0.003004   0.006073   0.006071   0.003290   0.000890   0.000240   0.013028   0.000149   0.009356   0.033154   
0.000758   0.020723   0.000125   0.005202   0.002008   0.003004   0.003004   0.003004   0.003004   0.006073   0.006072   0.003290   0.000890   0.000240   0.013031   0.000149   0.009357   0.033156   
0.000758   0.020727   0.000125   0.005203   0.002007   0.003004   0.003004   0.003004   0.003004   0.006073   0.006072   0.003293   0.000890   0.000240   0.013032   0.000149   0.009353   0.033155   
0.000758   0.020723   0.000125   0.005204   0.002008   0.003004   0.003004   0.003004   0.003004   0.006073   0.006072   0.003291   0.000890   0.000240   0.013031   0.000149   0.009358   0.033157   
0.000758   0.020724   0.000125   0.005206   0.002008   0.003004   0.003004   0.003004   0.003004   0.006073   0.006072   0.003293   0.000890   0.000240   0.013033   0.000149   0.009357   0.033157   
0.000758   0.020724   0.000125   0.005205   0.002008   0.003004   0.003004   0.003004   0.003004   0.006074   0.006072   0.003292   0.000890   0.000240   0.013033   0.000149   0.009357   0.033158   
0.000758   0.020725   0.000125   0.005201   0.002007   0.003004   0.003004   0.003004   0.003004   0.006074   0.006072   0.003292   0.000890   0.000240   0.013029   0.000149   0.009353   0.033159   
0.000761   0.020750   0.000125   0.005250   0.002010   0.003004   0.003004   0.003004   0.003004   0.006074   0.006072   0.003318   0.000890   0.000241   0.013087   0.000149   0.009366   0.033159   
0.000767   0.020806   0.000126   0.005335   0.002015   0.003004   0.003004   0.003004   0.003004   0.006074   0.006072   0.003367   0.000890   0.000242   0.013180   0.000150   0.009378   0.033160   
0.000767   0.020802   0.000126   0.005331   0.002014   0.003004   0.003004   0.003004   0.003004   0.006074   0.006072   0.003365   0.000890   0.000242   0.013174   0.000149   0.009376   0.033161   
0.000767   0.020808   0.000126   0.005334   0.002014   0.003004   0.003004   0.003004   0.003004   0.006074   0.006072   0.003367   0.000890   0.000242   0.013173   0.000150   0.009377   0.033160   
0.000767   0.020809   0.000126   0.005336   0.002015   0.003004   0.003004   0.003004   0.003004   0.006074   0.006072   0.003368   0.000890   0.000242   0.013175   0.000150   0.009378   0.033160   
0.000766   0.020808   0.000126   0.005331   0.002014   0.003004   0.003004   0.003004   0.003004   0.006074   0.006072   0.003365   0.000890   0.000242   0.013170   0.000149   0.009377   0.033161   
0.000766   0.020804   0.000126   0.005327   0.002014   0.003004   0.003004   0.003004   0.003004   0.006074   0.006072   0.003363   0.000890   0.000242   0.013168   0.000149   0.009376   0.033162   
0.000766   0.020804   0.000126   0.005325   0.002014   0.003004   0.003004   0.003004   0.003004   0.006074   0.006072   0.003362   0.000890   0.000242   0.013163   0.000149   0.009375   0.033163   
0.000767   0.020807   0.000126   0.005333   0.002014   0.003004   0.003004   0.003004   0.003004   0.006074   0.006072   0.003366   0.000890   0.000242   0.013175   0.000150   0.009377   0.033163   
0.000767   0.020811   0.000126   0.005336   0.002014   0.003004   0.003004   0.003004   0.003004   0.006074   0.006072   0.003367   0.000890   0.000242   0.013175   0.000150   0.009378   0.033162   
0.000767   0.020809   0.000126   0.005339   0.002015   0.003004   0.003004   0.003004   0.003004   0.006074   0.006073   0.003369   0.000890   0.000242   0.013184   0.000150   0.009378   0.033163   
0.000766   0.020806   0.000126   0.005325   0.002014   0.003004   0.003004   0.003004   0.003004   0.006074   0.006073   0.003362   0.000890   0.000242   0.013162   0.000149   0.009375   0.033164   
0.000766   0.020807   0.000126   0.005328   0.002014   0.003004   0.003004   0.003004   0.003004   0.006074   0.006073   0.003364   0.000890   0.000242   0.013168   0.000149   0.009375   0.033164   
0.000766   0.020810   0.000126   0.005327   0.002014   0.003005   0.003005   0.003005   0.003005   0.006074   0.006073   0.003363   0.000890   0.000242   0.013164   0.000149   0.009375   0.033164   
0.000766   0.020806   0.000126   0.005325   0.002014   0.003005   0.003005   0.003005   0.003005   0.006074   0.006073   0.003362   0.000890   0.000242   0.013163   0.000149   0.009374   0.033165   
0.000766   0.020807   0.000126   0.005318   0.002013   0.003005   0.003005   0.003005   0.003005   0.006074   0.006073   0.003358   0.000890   0.000242   0.013154   0.000149   0.009372   0.033165   
0.000766   0.020809   0.000126   0.005317   0.002014   0.003005   0.003005   0.003005   0.003005   0.006074   0.006073   0.003359   0.000890   0.000242   0.013160   0.000149   0.009372   0.033165   
0.000766   0.020810   0.000126   0.005312   0.002012   0.003005   0.003005   0.003005   0.003005   0.006074   0.006073   0.003359   0.000890   0.000242   0.013167   0.000149   0.009368   0.033164   
0.000766   0.020806   0.000126   0.005318   0.002012   0.003005   0.003005   0.003005   0.003005   0.006075   0.006073   0.003362   0.000890   0.000242   0.013180   0.000149   0.009368   0.033165   
0.000766   0.020803   0.000126   0.005311   0.002012   0.003005   0.003005   0.003005   0.003005   0.006075   0.006073   0.003357   0.000890   0.000242   0.013166   0.000149   0.009369   0.033166   
0.000765   0.020799   0.000126   0.005304   0.002013   0.003005   0.003005   0.003005   0.003005   0.006075   0.006073   0.003352   0.000890   0.000242   0.013147   0.000149   0.009369   0.033168   
0.000765   0.020800   0.000126   0.005305   0.002012   0.003005   0.003005   0.003005   0.003005   0.006075   0.006073   0.003353   0.000890   0.000242   0.013149   0.000149   0.009368   0.033166   
0.000765   0.020796   0.000126   0.005301   0.002013   0.003005   0.003005   0.003005   0.003005   0.006075   0.006073   0.003350   0.000890   0.000242   0.013142   0.000149   0.009370   0.033168   
0.000765   0.020797   0.000126   0.005302   0.002013   0.003005   0.003005   0.003005   0.003005   0.006075   0.006073   0.003350   0.000890   0.000242   0.013143   0.000149   0.009370   0.033168   
0.000766   0.020803   0.000126   0.005314   0.002013   0.003005   0.003005   0.003005   0.003005   0.006075   0.006073   0.003359   0.000890   0.000242   0.013165   0.000149   0.009369   0.033166   
0.000765   0.020800   0.000126   0.005310   0.002013   0.003005   0.003005   0.003005   0.003005   0.006075   0.006073   0.003356   0.000890   0.000242   0.013158   0.000149   0.009370   0.033168   
0.000414   0.011192   0.000065   0.002748   0.001050   0.001794   0.001794   0.001794   0.001794   0.003603   0.003602   0.001740   0.000470   0.000125   0.007079   0.000077   0.005131   0.021468   
0.000040   0.000920   0.000000   0.000020   0.000020   0.000500   0.000500   0.000500   0.000500   0.000960   0.000960   0.000020   0.000020   0.000000   0.000600   0.000000   0.000600   0.008960   
0.000040   0.000920   0.000000   0.000020   0.000020   0.000500   0.000500   0.000500   0.000500   0.000960   0.000960   0.000020   0.000020   0.000000   0.000600   0.000000   0.000600   0.008960   
0.000040   0.000920   0.000000   0.000020   0.000020   0.000500   0.000500   0.000500   0.000500   0.000960   0.000960   0.000020   0.000020   0.000000   0.000600   0.000000   0.000600   0.008960   
0.000040   0.000920   0.000000   0.000020   0.000020   0.000500   0.000500   0.000500   0.000500   0.000960   0.000960   0.000020   0.000020   0.000000   0.000600   0.000000   0.000600   0.008960   
0.000040   0.000920   0.000000   0.000020   0.000020   0.000500   0.000500   0.000500   0.000500   0.000960   0.000960   0.000020   0.000020   0.000000   0.000600   0.000000   0.000600   0.008960   
0.000040   0.000920   0.000000   0.000020   0.000020   0.000500   0.000500   0.000500   0.000500   0.000960   0.000960   0.000020   0.000020   0.000000   0.000600   0.000000   0.000600   0.008960   
0.000040   0.000920   0.000000   0.000020   0.000020   0.000500   0.000500   0.000500   0.000500   0.000960   0.000960   0.000020   0.000020   0.000000   0.000600   0.000000   0.000600   0.008960   
0.000040   0.000920   0.000000   0.000020   0.000020   0.000500   0.000500   0.000500   0.000500   0.000960   0.000960   0.000020   0.000020   0.000000   0.000600   0.000000   0.000600   0.008960   
0.000040   0.000920   0.000000   0.000020   0.000020   0.000500   0.000500   0.000500   0.000500   0.000960   0.000960   0.000020   0.000020   0.000000   0.000600   0.000000   0.000600   0.008960   
0.000383   0.010452   0.000060   0.002463   0.000980   0.001708   0.001708   0.001708   0.001708   0.003428   0.003428   0.001564   0.000442   0.000115   0.006551   0.000072   0.004829   0.020666   
0.000750   0.020643   0.000124   0.005088   0.002002   0.002999   0.002999   0.002999   0.002999   0.006064   0.006063   0.003222   0.000891   0.000237   0.012906   0.000149   0.009332   0.033134   
0.000758   0.020728   0.000125   0.005202   0.002007   0.003002   0.003002   0.003002   0.003002   0.006069   0.006068   0.003290   0.000890   0.000240   0.013033   0.000149   0.009351   0.033139   
0.000757   0.020725   0.000125   0.005199   0.002008   0.003003   0.003003   0.003003   0.003003   0.006071   0.006070   0.003287   0.000891   0.000239   0.013024   0.000149   0.009356   0.033143   
0.000757   0.020720   0.000125   0.005195   0.002008   0.003003   0.003003   0.003003   0.003003   0.006072   0.006070   0.003285   0.000890   0.000239   0.013025   0.000149   0.009356   0.033146   
0.000758   0.020718   0.000125   0.005196   0.002008   0.003003   0.003003   0.003003   0.003003   0.006072   0.006071   0.003286   0.000890   0.000239   0.013028   0.000149   0.009356   0.033147   
0.000758   0.020717   0.000125   0.005198   0.002008   0.003004   0.003004   0.003004   0.003004   0.006073   0.006071   0.003287   0.000890   0.000240   0.013030   0.000149   0.009356   0.033148   
0.000757   0.020717   0.000125   0.005195   0.002007   0.003004   0.003004   0.003004   0.003004   0.006073   0.006071   0.003285   0.000890   0.000239   0.013027   0.000149   0.009356   0.033149   
0.000758   0.020721   0.000125   0.005201   0.002008   0.003004   0.003004   0.003004   0.003004   0.006073   0.006071   0.003290   0.000890   0.000240   0.013030   0.000149   0.009357   0.033151   
0.000758   0.020720   0.000125   0.005199   0.002008   0.003004   0.003004   0.003004   0.003004   0.006073   0.006071   0.003289   0.000890   0.000239   0.013026   0.000149   0.009356   0.033153   
0.000758   0.020722   0.000125   0.005203   0.002008   0.003004   0.003004   0.003004   0.003004   0.006073   0.006071   0.003291   0.000890   0.000240   0.013030   0.000149   0.009357   0.033154   
0.000758   0.020723   0.000125   0.005202   0.002008   0.003004   0.003004   0.003004   0.003004   0.006073   0.006071   0.003290   0.000890   0.000240   0.013030   0.000149   0.009357   0.033155   
0.000758   0.020727   0.000125   0.005203   0.002007   0.003004   0.003004   0.003004   0.003004   0.006073   0.006072   0.003292   0.000890   0.000240   0.013032   0.000149   0.009355   0.033155   
0.000758   0.020723   0.000125   0.005201   0.002007   0.003004   0.003004   0.003004   0.003004   0.006073   0.006072   0.003291   0.000890   0.000239   0.013028   0.000149   0.009355   0.033156   
0.000758   0.020725   0.000125   0.005207   0.002008   0.003004   0.003004   0.003004   0.003004   0.006073   0.006072   0.003293   0.000890   0.000240   0.013035   0.000149   0.009357   0.033156   
0.000758   0.020723   0.000125   0.005207   0.002008   0.003004   0.003004   0.003004   0.003004   0.006074   0.006072   0.003293   0.000890   0.000240   0.013034   0.000149   0.009358   0.033158   
0.000758   0.020725   0.000125   0.005201   0.002007   0.003004   0.003004   0.003004   0.003004   0.006074   0.006072   0.003291   0.000890   0.000240   0.013030   0.000149   0.009354   0.033159   
0.000758   0.020724   0.000125   0.005202   0.002007   0.003004   0.003004   0.003004   0.003004   0.006074   0.006072   0.003292   0.000890   0.000240   0.013030   0.000149   0.009355   0.033159   
0.000765   0.020789   0.000126   0.005311   0.002014   0.003004   0.003004   0.003004   0.003004   0.006074   0.006072   0.003353   0.000890   0.000242   0.013155   0.000149   0.009376   0.033160   
0.000767   0.020804   0.000126   0.005336   0.002014   0.003004   0.003004   0.003004   0.003004   0.006074   0.006072   0.003368   0.000890   0.000242   0.013182   0.000150   0.009378   0.033160   
0.000766   0.020805   0.000126   0.005329   0.002014   0.003004   0.003004   0.003004   0.003004   0.006074   0.006072   0.003364   0.000890   0.000242   0.013170   0.000149   0.009376   0.033161   
0.000767   0.020809   0.000126   0.005337   0.002015   0.003004   0.003004   0.003004   0.003004   0.006074   0.006072   0.003368   0.000890   0.000242   0.013176   0.000150   0.009378   0.033160   
0.000767   0.020810   0.000126   0.005336   0.002015   0.003004   0.003004   0.003004   0.003004   0.006074   0.006072   0.003368   0.000890   0.000242   0.013175   0.000150   0.009378   0.033161   
0.000766   0.020805   0.000126   0.005329   0.002014   0.003004   0.003004   0.003004   0.003004   0.006074   0.006072   0.003364   0.000890   0.000242   0.013169   0.000149   0.009376   0.033162   
0.000766   0.020805   0.000126   0.005325   0.002013   0.003004   0.003004   0.003004   0.003004   0.006074   0.006072   0.003362   0.000890   0.000242   0.013164   0.000149   0.009375   0.033162   
0.000766   0.020805   0.000126   0.005328   0.002014   0.003004   0.003004   0.003004   0.003004   0.006074   0.006072   0.003363   0.000890   0.000242   0.013168   0.000149   0.009376   0.033163   
0.000767   0.020809   0.000126   0.005336   0.002014   0.003004   0.003004   0.003004   0.003004   0.006074   0.006072   0.003368   0.000890   0.000242   0.013175   0.000150   0.009378   0.033162   
0.000767   0.020809   0.000126   0.005335   0.002014   0.003004   0.003004   0.003004   0.003004   0.006074   0.006073   0.003367   0.000890   0.000242   0.013177   0.000150   0.009377   0.033163   
0.000767   0.020808   0.000126   0.005336   0.002015   0.003004   0.003004   0.003004   0.003004   0.006074   0.006073   0.003368   0.000890   0.000242   0.013177   0.000150   0.009378   0.033164   
0.000766   0.020806   0.000126   0.005324   0.002014   0.003004   0.003004   0.003004   0.003004   0.006074   0.006073   0.003362   0.000890   0.000242   0.013163   0.000149   0.009374   0.033164   
0.000766   0.020807   0.000126   0.005324   0.002014   0.003005   0.003005   0.003005   0.003005   0.006074   0.006073   0.003362   0.000890   0.000242   0.013159   0.000149   0.009374   0.033164   
0.000766   0.020809   0.000126   0.005328   0.002014   0.003005   0.003005   0.003005   0.003005   0.006074   0.006073   0.003364   0.000890   0.000242   0.013165   0.000149   0.009375   0.033164   
0.000766   0.020806   0.000126   0.005322   0.002014   0.003005   0.003005   0.003005   0.003005   0.006074   0.006073   0.003361   0.000890   0.000242   0.013160   0.000149   0.009374   0.033165   
0.000766   0.020808   0.000126   0.005319   0.002013   0.003005   0.003005   0.003005   0.003005   0.006074   0.006073   0.003359   0.000890   0.000242   0.013155   0.000149   0.009373   0.033165   
0.000766   0.020812   0.000126   0.005316   0.002013   0.003005   0.003005   0.003005   0.003005   0.006074   0.006073   0.003360   0.000890   0.000242   0.013168   0.000149   0.009370   0.033165   
0.000766   0.020808   0.000126   0.005311   0.002012   0.003005   0.003005   0.003005   0.003005   0.006075   0.006073   0.003358   0.000890   0.000242   0.013163   0.000149   0.009368   0.033164   
0.000766   0.020802   0.000126   0.005316   0.002012   0.003005   0.003005   0.003005   0.003005   0.006075   0.006073   0.003360   0.000890   0.000242   0.013183   0.000149   0.009368   0.033165   
0.000765   0.020802   0.000126   0.005305   0.002012   0.003005   0.003005   0.003005   0.003005   0.006075   0.006073   0.003353   0.000890   0.000242   0.013149   0.000149   0.009369   0.033167   
0.000765   0.020799   0.000126   0.005306   0.002013   0.003005   0.003005   0.003005   0.003005   0.006075   0.006073   0.003353   0.000890   0.000242   0.013151   0.000149   0.009369   0.033167   
0.000765   0.020799   0.000126   0.005303   0.002013   0.003005   0.003005   0.003005   0.003005   0.006075   0.006073   0.003351   0.000890   0.000242   0.013144   0.000149   0.009369   0.033167   
0.000765   0.020796   0.000126   0.005301   0.002013   0.003005   0.003005   0.003005   0.003005   0.006075   0.006073   0.003350   0.000890   0.000242   0.013142   0.000149   0.009369   0.033168   
0.000765   0.020800   0.000126   0.005306   0.002013   0.003005   0.003005   0.003005   0.003005   0.006075   0.006073   0.003353   0.000890   0.000242   0.013149   0.000149   0.009369   0.033167   
0.000766   0.020802   0.000126   0.005316   0.002013   0.003005   0.003005   0.003005   0.003005   0.006075   0.006073   0.003360   0.000890   0.000242   0.013172   0.000149   0.009368   0.033167   
0.000765   0.020800   0.000126   0.005304   0.002013   0.003005   0.003005   0.003005   0.003005   0.006075   0.006073   0.003352   0.000890   0.000242   0.013146   0.000149   0.009370   0.033168   
0.000063   0.001562   0.000004   0.000190   0.000084   0.000581   0.000581   0.000581   0.000581   0.001125   0.001125   0.000127   0.000048   0.000008   0.001004   0.000005   0.000883   0.009742   
0.000040   0.000920   0.000000   0.000020   0.000020   0.000500   0.000500   0.000500   0.000500   0.000960   0.000960   0.000020   0.000020   0.000000   0.000600   0.000000   0.000600   0.008960   
0.000040   0.000920   0.000000   0.000020   0.000020   0.000500   0.000500   0.000500   0.000500   0.000960   0.000960   0.000020   0.000020   0.000000   0.000600   0.000000   0.000600   0.008960   
0.000040   0.000920   0.000000   0.000020   0.000020   0.000500   0.000500   0.000500   0.000500   0.000960   0.000960   0.000020   0.000020   0.000000   0.000600   0.000000   0.000600   0.008960   
0.000040   0.000920   0.000000   0.000020   0.000020   0.000500   0.000500   0.000500   0.000500   0.000960   0.000960   0.000020   0.000020   0.000000   0.000600   0.000000   0.000600   0.008960   
0.000040   0.000920   0.000000   0.000020   0.000020   0.000500   0.000500   0.000500   0.000500   0.000960   0.000960   0.000020   0.000020   0.000000   0.000600   0.000000   0.000600   0.008960   
0.000040   0.000920   0.000000   0.000020   0.000020   0.000500   0.000500   0.000500   0.000500   0.000960   0.000960   0.000020   0.000020   0.000000   0.000600   0.000000   0.000600   0.008960   
0.000040   0.000920   0.000000   0.000020   0.000020   0.000500   0.000500   0.000500   0.000500   0.000960   0.000960   0.000020   0.000020   0.000000   0.000600   0.000000   0.000600   0.008960   
0.000040   0.000920   0.000000   0.000020   0.000020   0.000500   0.000500   0.000500   0.000500   0.000960   0.000960   0.000020   0.000020   0.000000   0.000600   0.000000   0.000600   0.008960   
0.000040   0.000920   0.000000   0.000020   0.000020   0.000500   0.000500   0.000500   0.000500   0.000960   0.000960   0.000020   0.000020   0.000000   0.000600   0.000000   0.000600   0.008960   
0.000001   0.000029   0.000000   0.000001   0.000001   0.000016   0.000016   0.000016   0.000016   0.000030   0.000030   0.000001   0.000001   0.000000   0.000019   0.000000   0.000019   0.000280   