0.079405
0.079703
0.079911
0.079912
0.079908
0.079913
0.079911
0.079927
0.079916
0.079930
0.079928
0.079934
0.079938
0.079938
0.079944
0.079943
0.079931
0.080109
0.080418
0.080398
0.080410
0.080418
0.080400
0.080387
0.080378
0.080409
0.080418
0.080432
0.080380
0.080392
0.080393
0.080384
0.080362
0.080371
0.080368
0.080387
0.080359
0.080324
0.080327
0.080312
0.080315
0.080364
0.080347
0.044472
0.006160
0.006160
0.006160
0.006160
0.006160
0.006160
0.006160
0.006160
0.006160
0.041599
0.079467
0.079918
0.079913
0.079903
0.079908
0.079918
0.079907
0.079929
0.079919
0.079933
0.079932
0.079939
0.079927
0.079948
0.079947
0.079932
0.079934
0.080332
0.080419
0.080393
0.080420
0.080419
0.080392
0.080379
0.080389
0.080417
0.080417
0.080420
0.080379
0.080380
0.080395
0.080377
0.080367
0.080379
0.080361
0.080382
0.080330
0.080331
0.080319
0.080311
0.080330
0.080372
0.080325
0.008552
0.006160
0.006160
0.006160
0.006160
0.006160
0.006160
0.006160
0.006160
0.006160
0.000196
