0.000925   0.018677   0.000152   0.009155   0.003174   0.002997   0.002997   0.002997   0.002997   0.006060   0.006059   0.005014   0.000875   0.000287   0.015575   0.000188   0.011028   0.033133   
0.000923   0.018685   0.000152   0.009156   0.003190   0.003001   0.003001   0.003001   0.003001   0.006067   0.006066   0.005015   0.000874   0.000287   0.015558   0.000189   0.011055   0.033126   
0.000923   0.018692   0.000152   0.009156   0.003190   0.003002   0.003002   0.003002   0.003002   0.006070   0.006069   0.005015   0.000874   0.000287   0.015559   0.000189   0.011056   0.033131   
0.000923   0.018695   0.000152   0.009156   0.003190   0.003003   0.003003   0.003003   0.003003   0.006072   0.006070   0.005015   0.000874   0.000287   0.015559   0.000189   0.011056   0.033134   
0.000923   0.018696   0.000152   0.009156   0.003190   0.003003   0.003003   0.003003   0.003003   0.006072   0.006071   0.005015   0.000874   0.000287   0.015560   0.000189   0.011056   0.033136   
0.000923   0.018696   0.000152   0.009156   0.003190   0.003004   0.003004   0.003004   0.003004   0.006073   0.006071   0.005015   0.000874   0.000287   0.015560   0.000189   0.011057   0.033138   
0.000923   0.018697   0.000152   0.009155   0.003190   0.003004   0.003004   0.003004   0.003004   0.006073   0.006071   0.005015   0.000874   0.000287   0.015560   0.000189   0.011057   0.033139   
0.000923   0.018697   0.000152   0.009156   0.003190   0.003004   0.003004   0.003004   0.003004   0.006073   0.006071   0.005015   0.000874   0.000287   0.015560   0.000189   0.011057   0.033140   
0.000923   0.018697   0.000152   0.009156   0.003190   0.003004   0.003004   0.003004   0.003004   0.006073   0.006071   0.005015   0.000874   0.000287   0.015560   0.000189   0.011057   0.033141   
0.000923   0.018697   0.000152   0.009156   0.003190   0.003004   0.003004   0.003004   0.003004   0.006073   0.006071   0.005015   0.000874   0.000287   0.015560   0.000189   0.011057   0.033142   
0.000923   0.018697   0.000152   0.009155   0.003190   0.003004   0.003004   0.003004   0.003004   0.006073   0.006072   0.005015   0.000874   0.000287   0.015560   0.000189   0.011057   0.033143   
0.000923   0.018697   0.000152   0.009156   0.003190   0.003004   0.003004   0.003004   0.003004   0.006073   0.006072   0.005015   0.000874   0.000287   0.015560   0.000189   0.011057   0.033144   
0.000923   0.018697   0.000152   0.009156   0.003190   0.003004   0.003004   0.003004   0.003004   0.006074   0.006072   0.005015   0.000874   0.000287   0.015560   0.000189   0.011057   0.033145   
0.000923   0.018697   0.000152   0.009156   0.003190   0.003004   0.003004   0.003004   0.003004   0.006074   0.006072   0.005015   0.000874   0.000287   0.015560   0.000189   0.011057   0.033145   
0.000923   0.018697   0.000152   0.009156   0.003190   0.003004   0.003004   0.003004   0.003004   0.006074   0.006072   0.005015   0.000874   0.000287   0.015560   0.000189   0.011057   0.033146   
0.000923   0.018698   0.000152   0.009156   0.003190   0.003004   0.003004   0.003004   0.003004   0.006074   0.006072   0.005015   0.000874   0.000287   0.015560   0.000189   0.011057   0.033147   
0.000923   0.018698   0.000152   0.009156   0.003190   0.003004   0.003004   0.003004   0.003004   0.006074   0.006072   0.005015   0.000874   0.000287   0.015560   0.000189   0.011057   0.033147   
0.000923   0.018698   0.000152   0.009156   0.003190   0.003004   0.003004   0.003004   0.003004   0.006074   0.006072   0.005015   0.000874   0.000287   0.015560   0.000189   0.011057   0.033148   
0.000923   0.018698   0.000152   0.009156   0.003190   0.003004   0.003004   0.003004   0.003004   0.006074   0.006072   0.005015   0.000874   0.000287   0.015561   0.000189   0.011057   0.033148   
0.000923   0.018698   0.000152   0.009156   0.003190   0.003004   0.003004   0.003004   0.003004   0.006074   0.006072   0.005015   0.000874   0.000287   0.015561   0.000189   0.011057   0.033149   
0.000923   0.018698   0.000152   0.009156   0.003190   0.003004   0.003004   0.003004   0.003004   0.006074   0.006072   0.005015   0.000874   0.000287   0.015561   0.000189   0.011057   0.033150   
0.000923   0.018698   0.000152   0.009156   0.003190   0.003004   0.003004   0.003004   0.003004   0.006074   0.006072   0.005015   0.000874   0.000287   0.015561   0.000189   0.011057   0.033150   
0.000923   0.018698   0.000152   0.009156   0.003190   0.003004   0.003004   0.003004   0.003004   0.006074   0.006073   0.005015   0.000874   0.000287   0.015561   0.000189   0.011057   0.033151   
0.000923   0.018698   0.000152   0.009156   0.003190   0.003004   0.003004   0.003004   0.003004   0.006074   0.006073   0.005015   0.000874   0.000287   0.015561   0.000189   0.011058   0.033151   
0.000923   0.018698   0.000152   0.009156   0.003190   0.003005   0.003005   0.003005   0.003005   0.006074   0.006073   0.005015   0.000874   0.000287   0.015561   0.000189   0.011058   0.033151   
0.000923   0.018698   0.000152   0.009156   0.003190   0.003005   0.003005   0.003005   0.003005   0.006074   0.006073   0.005015   0.000874   0.000287   0.015561   0.000189   0.011058   0.033152   
0.000923   0.018698   0.000152   0.009156   0.003190   0.003005   0.003005   0.003005   0.003005   0.006074   0.006073   0.005015   0.000874   0.000287   0.015561   0.000189   0.011058   0.033152   
0.000847   0.017163   0.000139   0.008362   0.002915   0.002788   0.002788   0.002788   0.002788   0.005633   0.005631   0.004581   0.000800   0.000262   0.014264   0.000173   0.010153   0.031062   
0.000040   0.000920   0.000000   0.000020   0.000020   0.000500   0.000500   0.000500   0.000500   0.000960   0.000960   0.000020   0.000020   0.000000   0.000600   0.000000   0.000600   0.008960   
0.000040   0.000920   0.000000   0.000020   0.000020   0.000500   0.000500   0.000500   0.000500   0.000960   0.000960   0.000020   0.000020   0.000000   0.000600   0.000000   0.000600   0.008960   
0.000040   0.000920   0.000000   0.000020   0.000020   0.000500   0.000500   0.000500   0.000500   0.000960   0.000960   0.000020   0.000020   0.000000   0.000600   0.000000   0.000600   0.008960   
0.000040   0.000920   0.000000   0.000020   0.000020   0.000500   0.000500   0.000500   0.000500   0.000960   0.000960   0.000020   0.000020   0.000000   0.000600   0.000000   0.000600   0.008960   
0.000040   0.000920   0.000000   0.000020   0.000020   0.000500   0.000500   0.000500   0.000500   0.000960   0.000960   0.000020   0.000020   0.000000   0.000600   0.000000   0.000600   0.008960   
0.000040   0.000920   0.000000   0.000020   0.000020   0.000500   0.000500   0.000500   0.000500   0.000960   0.000960   0.000020   0.000020   0.000000   0.000600   0.000000   0.000600   0.008960   
0.000040   0.000920   0.000000   0.000020   0.000020   0.000500   0.000500   0.000500   0.000500   0.000960   0.000960   0.000020   0.000020   0.000000   0.000600   0.000000   0.000600   0.008960   
0.000040   0.000920   0.000000   0.000020   0.000020   0.000500   0.000500   0.000500   0.000500   0.000960   0.000960   0.000020   0.000020   0.000000   0.000600   0.000000   0.000600   0.008960   
0.000040   0.000920   0.000000   0.000020   0.000020   0.000500   0.000500   0.000500   0.000500   0.000960   0.000960   0.000020   0.000020   0.000000   0.000600   0.000000   0.000600   0.008960   
0.000040   0.000920   0.000000   0.000020   0.000020   0.000500   0.000500   0.000500   0.000500   0.000960   0.000960   0.000020   0.000020   0.000000   0.000600   0.000000   0.000600   0.008960   
0.000040   0.000920   0.000000   0.000020   0.000020   0.000500   0.000500   0.000500   0.000500   0.000960   0.000960   0.000020   0.000020   0.000000   0.000600   0.000000   0.000600   0.008960   
0.000040   0.000920   0.000000   0.000020   0.000020   0.000500   0.000500   0.000500   0.000500   0.000960   0.000960   0.000020   0.000020   0.000000   0.000600   0.000000   0.000600   0.008960   
0.000040   0.000920   0.000000   0.000020   0.000020   0.000500   0.000500   0.000500   0.000500   0.000960   0.000960   0.000020   0.000020   0.000000   0.000600   0.000000   0.000600   0.008960   
0.000040   0.000920   0.000000   0.000020   0.000020   0.000500   0.000500   0.000500   0.000500   0.000960   0.000960   0.000020   0.000020   0.000000   0.000600   0.000000   0.000600   0.008960   
0.000040   0.000920   0.000000   0.000020   0.000020   0.000500   0.000500   0.000500   0.000500   0.000960   0.000960   0.000020   0.000020   0.000000   0.000600   0.000000   0.000600   0.008960   
0.000040   0.000920   0.000000   0.000020   0.000020   0.000500   0.000500   0.000500   0.000500   0.000960   0.000960   0.000020   0.000020   0.000000   0.000600   0.000000   0.000600   0.008960   
0.000040   0.000920   0.000000   0.000020   0.000020   0.000500   0.000500   0.000500   0.000500   0.000960   0.000960   0.000020   0.000020   0.000000   0.000600   0.000000   0.000600   0.008960   
0.000040   0.000920   0.000000   0.000020   0.000020   0.000500   0.000500   0.000500   0.000500   0.000960   0.000960   0.000020   0.000020   0.000000   0.000600   0.000000   0.000600   0.008960   
0.000040   0.000920   0.000000   0.000020   0.000020   0.000500   0.000500   0.000500   0.000500   0.000960   0.000960   0.000020   0.000020   0.000000   0.000600   0.000000   0.000600   0.008960   
0.000040   0.000920   0.000000   0.000020   0.000020   0.000500   0.000500   0.000500   0.000500   0.000960   0.000960   0.000020   0.000020   0.000000   0.000600   0.000000   0.000600   0.008960   
0.000040   0.000920   0.000000   0.000020   0.000020   0.000500   0.000500   0.000500   0.000500   0.000960   0.000960   0.000020   0.000020   0.000000   0.000600   0.000000   0.000600   0.008960   
0.000040   0.000920   0.000000   0.000020   0.000020   0.000500   0.000500   0.000500   0.000500   0.000960   0.000960   0.000020   0.000020   0.000000   0.000600   0.000000   0.000600   0.008960   
0.000040   0.000920   0.000000   0.000020   0.000020   0.000500   0.000500   0.000500   0.000500   0.000960   0.000960   0.000020   0.000020   0.000000   0.000600   0.000000   0.000600   0.008960   
0.000040   0.000920   0.000000   0.000020   0.000020   0.000500   0.000500   0.000500   0.000500   0.000960   0.000960   0.000020   0.000020   0.000000   0.000600   0.000000   0.000600   0.008960   
0.000040   0.000920   0.000000   0.000020   0.000020   0.000500   0.000500   0.000500   0.000500   0.000960   0.000960   0.000020   0.000020   0.000000   0.000600   0.000000   0.000600   0.008960   
0.000040   0.000920   0.000000   0.000020   0.000020   0.000500   0.000500   0.000500   0.000500   0.000960   0.000960   0.000020   0.000020   0.000000   0.000600   0.000000   0.000600   0.008960   
0.000040   0.000920   0.000000   0.000020   0.000020   0.000500   0.000500   0.000500   0.000500   0.000960   0.000960   0.000020   0.000020   0.000000   0.000600   0.000000   0.000600   0.008960   
0.000194   0.003996   0.000027   0.001599   0.000552   0.000931   0.000931   0.000931   0.000931   0.001841   0.001841   0.000882   0.000169   0.000050   0.003205   0.000032   0.002382   0.013150   
0.000923   0.018671   0.000152   0.009155   0.003190   0.002998   0.002998   0.002998   0.002998   0.006061   0.006061   0.005015   0.000874   0.000287   0.015556   0.000189   0.011053   0.033122   
0.000923   0.018687   0.000152   0.009156   0.003190   0.003001   0.003001   0.003001   0.003001   0.006068   0.006067   0.005015   0.000874   0.000287   0.015558   0.000189   0.011055   0.033127   
0.000923   0.018693   0.000152   0.009156   0.003190   0.003003   0.003003   0.003003   0.003003   0.006071   0.006069   0.005015   0.000874   0.000287   0.015559   0.000189   0.011056   0.033131   
0.000923   0.018695   0.000152   0.009156   0.003190   0.003003   0.003003   0.003003   0.003003   0.006072   0.006070   0.005015   0.000874   0.000287   0.015559   0.000189   0.011056   0.033134   
0.000923   0.018696   0.000152   0.009156   0.003190   0.003003   0.003003   0.003003   0.003003   0.006072   0.006071   0.005015   0.000874   0.000287   0.015560   0.000189   0.011056   0.033136   
0.000923   0.018696   0.000152   0.009156   0.003190   0.003004   0.003004   0.003004   0.003004   0.006073   0.006071   0.005015   0.000874   0.000287   0.015560   0.000189   0.011057   0.033138   
0.000923   0.018697   0.000152   0.009155   0.003190   0.003004   0.003004   0.003004   0.003004   0.006073   0.006071   0.005015   0.000874   0.000287   0.015560   0.000189   0.011057   0.033139   
0.000923   0.018697   0.000152   0.009156   0.003190   0.003004   0.003004   0.003004   0.003004   0.006073   0.006071   0.005015   0.000874   0.000287   0.015560   0.000189   0.011057   0.033140   
0.000923   0.018697   0.000152   0.009156   0.003190   0.003004   0.003004   0.003004   0.003004   0.006073   0.006071   0.005015   0.000874   0.000287   0.015560   0.000189   0.011057   0.033141   
0.000923   0.018697   0.000152   0.009156   0.003190   0.003004   0.003004   0.003004   0.003004   0.006073   0.006072   0.005015   0.000874   0.000287   0.015560   0.000189   0.011057   0.033142   
0.000923   0.018697   0.000152   0.009155   0.003190   0.003004   0.003004   0.003004   0.003004   0.006073   0.006072   0.005015   0.000874   0.000287   0.015560   0.000189   0.011057   0.033143   
0.000923   0.018697   0.000152   0.009156   0.003190   0.003004   0.003004   0.003004   0.003004   0.006073   0.006072   0.005015   0.000874   0.000287   0.015560   0.000189   0.011057   0.033144   
0.000923   0.018697   0.000152   0.009156   0.003190   0.003004   0.003004   0.003004   0.003004   0.006074   0.006072   0.005015   0.000874   0.000287   0.015560   0.000189   0.011057   0.033145   
0.000923   0.018697   0.000152   0.009156   0.003190   0.003004   0.003004   0.003004   0.003004   0.006074   0.006072   0.005015   0.000874   0.000287   0.015560   0.000189   0.011057   0.033145   
0.000923   0.018698   0.000152   0.009156   0.003190   0.003004   0.003004   0.003004   0.003004   0.006074   0.006072   0.005015   0.000874   0.000287   0.015560   0.000189   0.011057   0.033146   
0.000923   0.018698   0.000152   0.009156   0.003190   0.003004   0.003004   0.003004   0.003004   0.006074   0.006072   0.005015   0.000874   0.000287   0.015560   0.000189   0.011057   0.033147   
0.000923   0.018698   0.000152   0.009156   0.003190   0.003004   0.003004   0.003004   0.003004   0.006074   0.006072   0.005015   0.000874   0.000287   0.015560   0.000189   0.011057   0.033147   
0.000923   0.018698   0.000152   0.009156   0.003190   0.003004   0.003004   0.003004   0.003004   0.006074   0.006072   0.005015   0.000874   0.000287   0.015560   0.000189   0.011057   0.033148   
0.000923   0.018698   0.000152   0.009156   0.003190   0.003004   0.003004   0.003004   0.003004   0.006074   0.006072   0.005015   0.000874   0.000287   0.015561   0.000189   0.011057   0.033149   
0.000923   0.018698   0.000152   0.009156   0.003190   0.003004   0.003004   0.003004   0.003004   0.006074   0.006072   0.005015   0.000874   0.000287   0.015561   0.000189   0.011057   0.033149   
0.000923   0.018698   0.000152   0.009156   0.003190   0.003004   0.003004   0.003004   0.003004   0.006074   0.006072   0.005015   0.000874   0.000287   0.015561   0.000189   0.011057   0.033150   
0.000923   0.018698   0.000152   0.009156   0.003190   0.003004   0.003004   0.003004   0.003004   0.006074   0.006072   0.005015   0.000874   0.000287   0.015561   0.000189   0.011057   0.033150   
0.000923   0.018698   0.000152   0.009156   0.003190   0.003004   0.003004   0.003004   0.003004   0.006074   0.006073   0.005015   0.000874   0.000287   0.015561   0.000189   0.011057   0.033151   
0.000923   0.018698   0.000152   0.009156   0.003190   0.003004   0.003004   0.003004   0.003004   0.006074   0.006073   0.005015   0.000874   0.000287   0.015561   0.000189   0.011058   0.033151   
0.000923   0.018698   0.000152   0.009156   0.003190   0.003005   0.003005   0.003005   0.003005   0.006074   0.006073   0.005015   0.000874   0.000287   0.015561   0.000189   0.011058   0.033151   
0.000923   0.018698   0.000152   0.009156   0.003190   0.003005   0.003005   0.003005   0.003005   0.006074   0.006073   0.005015   0.000874   0.000287   0.015561   0.000189   0.011058   0.033152   
0.000923   0.018698   0.000152   0.009156   0.003190   0.003005   0.003005   0.003005   0.003005   0.006074   0.006073   0.005015   0.000874   0.000287   0.015561   0.000189   0.011058   0.033152   
0.000694   0.014087   0.000113   0.006781   0.002367   0.002355   0.002355   0.002355   0.002355   0.004748   0.004747   0.003717   0.000652   0.000212   0.011676   0.000140   0.008343   0.026877   
0.000040   0.000920   0.000000   0.000020   0.000020   0.000500   0.000500   0.000500   0.000500   0.000960   0.000960   0.000020   0.000020   0.000000   0.000600   0.000000   0.000600   0.008960   
0.000040   0.000920   0.000000   0.000020   0.000020   0.000500   0.000500   0.000500   0.000500   0.000960   0.000960   0.000020   0.000020   0.000000   0.000600   0.000000   0.000600   0.008960   
0.000040   0.000920   0.000000   0.000020   0.000020   0.000500   0.000500   0.000500   0.000500   0.000960   0.000960   0.000020   0.000020   0.000000   0.000600   0.000000   0.000600   0.008960   
0.000040   0.000920   0.000000   0.000020   0.000020   0.000500   0.000500   0.000500   0.000500   0.000960   0.000960   0.000020   0.000020   0.000000   0.000600   0.000000   0.000600   0.008960   
0.000040   0.000920   0.000000   0.000020   0.000020   0.000500   0.000500   0.000500   0.000500   0.000960   0.000960   0.000020   0.000020   0.000000   0.000600   0.000000   0.000600   0.008960   
0.000040   0.000920   0.000000   0.000020   0.000020   0.000500   0.000500   0.000500   0.000500   0.000960   0.000960   0.000020   0.000020   0.000000   0.000600   0.000000   0.000600   0.008960   
0.000040   0.000920   0.000000   0.000020   0.000020   0.000500   0.000500   0.000500   0.000500   0.000960   0.000960   0.000020   0.000020   0.000000   0.000600   0.000000   0.000600   0.008960   
0.000040   0.000920   0.000000   0.000020   0.000020   0.000500   0.000500   0.000500   0.000500   0.000960   0.000960   0.000020   0.000020   0.000000   0.000600   0.000000   0.000600   0.008960   
0.000040   0.000920   0.000000   0.000020   0.000020   0.000500   0.000500   0.000500   0.000500   0.000960   0.000960   0.000020   0.000020   0.000000   0.000600   0.000000   0.000600   0.008960   
0.000040   0.000920   0.000000   0.000020   0.000020   0.000500   0.000500   0.000500   0.000500   0.000960   0.000960   0.000020   0.000020   0.000000   0.000600   0.000000   0.000600   0.008960   
0.000040   0.000920   0.000000   0.000020   0.000020   0.000500   0.000500   0.000500   0.000500   0.000960   0.000960   0.000020   0.000020   0.000000   0.000600   0.000000   0.000600   0.008960   
0.000040   0.000920   0.000000   0.000020   0.000020   0.000500   0.000500   0.000500   0.000500   0.000960   0.000960   0.000020   0.000020   0.000000   0.000600   0.000000   0.000600   0.008960   
0.000040   0.000920   0.000000   0.000020   0.000020   0.000500   0.000500   0.000500   0.000500   0.000960   0.000960   0.000020   0.000020   0.000000   0.000600   0.000000   0.000600   0.008960   
0.000040   0.000920   0.000000   0.000020   0.000020   0.000500   0.000500   0.000500   0.000500   0.000960   0.000960   0.000020   0.000020   0.000000   0.000600   0.000000   0.000600   0.008960   
0.000040   0.000920   0.000000   0.000020   0.000020   0.000500   0.000500   0.000500   0.000500   0.000960   0.000960   0.000020   0.000020   0.000000   0.000600   0.000000   0.000600   0.008960   
0.000040   0.000920   0.000000   0.000020   0.000020   0.000500   0.000500   0.000500   0.000500   0.000960   0.000960   0.000020   0.000020   0.000000   0.000600   0.000000   0.000600   0.008960   
0.000040   0.000920   0.000000   0.000020   0.000020   0.000500   0.000500   0.000500   0.000500   0.000960   0.000960   0.000020   0.000020   0.000000   0.000600   0.000000   0.000600   0.008960   
0.000040   0.000920   0.000000   0.000020   0.000020   0.000500   0.000500   0.000500   0.000500   0.000960   0.000960   0.000020   0.000020   0.000000   0.000600   0.000000   0.000600   0.008960   
0.000040   0.000920   0.000000   0.000020   0.000020   0.000500   0.000500   0.000500   0.000500   0.000960   0.000960   0.000020   0.000020   0.000000   0.000600   0.000000   0.000600   0.008960   
0.000040   0.000920   0.000000   0.000020   0.000020   0.000500   0.000500   0.000500   0.000500   0.000960   0.000960   0.000020   0.000020   0.000000   0.000600   0.000000   0.000600   0.008960   
0.000040   0.000920   0.000000   0.000020   0.000020   0.000500   0.000500   0.000500   0.000500   0.000960   0.000960   0.000020   0.000020   0.000000   0.000600   0.000000   0.000600   0.008960   
0.000040   0.000920   0.000000   0.000020   0.000020   0.000500   0.000500   0.000500   0.000500   0.000960   0.000960   0.000020   0.000020   0.000000   0.000600   0.000000   0.000600   0.008960   
0.000040   0.000920   0.000000   0.000020   0.000020   0.000500   0.000500   0.000500   0.000500   0.000960   0.000960   0.000020   0.000020   0.000000   0.000600   0.000000   0.000600   0.008960   
0.000040   0.000920   0.000000   0.000020   0.000020   0.000500   0.000500   0.000500   0.000500   0.000960   0.000960   0.000020   0.000020   0.000000   0.000600   0.000000   0.000600   0.008960   
0.000040   0.000920   0.000000   0.000020   0.000020   0.000500   0.000500   0.000500   0.000500   0.000960   0.000960   0.000020   0.000020   0.000000   0.000600   0.000000   0.000600   0.008960   
0.000040   0.000920   0.000000   0.000020   0.000020   0.000500   0.000500   0.000500   0.000500   0.000960   0.000960   0.000020   0.000020   0.000000   0.000600   0.000000   0.000600   0.008960   
0.000040   0.000920   0.000000   0.000020   0.000020   0.000500   0.000500   0.000500   0.000500   0.000960   0.000960   0.000020   0.000020   0.000000   0.000600   0.000000   0.000600   0.008960   
0.000347   0.007065   0.000053   0.003179   0.001101   0.001363   0.001363   0.001363   0.001363   0.002723   0.002722   0.001746   0.000317   0.000099   0.005792   0.000065   0.004190   0.017329   
0.000923   0.018675   0.000152   0.009156   0.003190   0.002999   0.002999   0.002999   0.002999   0.006063   0.006062   0.005015   0.000874   0.000287   0.015556   0.000189   0.011054   0.033123   
0.000923   0.018688   0.000152   0.009156   0.003190   0.003002   0.003002   0.003002   0.003002   0.006069   0.006067   0.005015   0.000874   0.000287   0.015558   0.000189   0.011055   0.033128   
0.000923   0.018693   0.000152   0.009156   0.003190   0.003003   0.003003   0.003003   0.003003   0.006071   0.006069   0.005015   0.000874   0.000287   0.015559   0.000189   0.011056   0.033132   
0.000923   0.018695   0.000152   0.009156   0.003190   0.003003   0.003003   0.003003   0.003003   0.006072   0.006070   0.005015   0.000874   0.000287   0.015559   0.000189   0.011056   0.033135   
0.000923   0.018696   0.000152   0.009156   0.003190   0.003003   0.003003   0.003003   0.003003   0.006072   0.006071   0.005015   0.000874   0.000287   0.015560   0.000189   0.011057   0.033137   
0.000923   0.018696   0.000152   0.009156   0.003190   0.003004   0.003004   0.003004   0.003004   0.006073   0.006071   0.005015   0.000874   0.000287   0.015560   0.000189   0.011057   0.033138   
0.000923   0.018697   0.000152   0.009156   0.003190   0.003004   0.003004   0.003004   0.003004   0.006073   0.006071   0.005015   0.000874   0.000287   0.015560   0.000189   0.011057   0.033140   
0.000923   0.018697   0.000152   0.009156   0.003190   0.003004   0.003004   0.003004   0.003004   0.006073   0.006071   0.005015   0.000874   0.000287   0.015560   0.000189   0.011057   0.033141   
0.000923   0.018697   0.000152   0.009156   0.003190   0.003004   0.003004   0.003004   0.003004   0.006073   0.006071   0.005015   0.000874   0.000287   0.015560   0.000189   0.011057   0.033142   
0.000923   0.018697   0.000152   0.009156   0.003190   0.003004   0.003004   0.003004   0.003004   0.006073   0.006072   0.005015   0.000874   0.000287   0.015560   0.000189   0.011057   0.033142   
0.000923   0.018697   0.000152   0.009155   0.003190   0.003004   0.003004   0.003004   0.003004   0.006073   0.006072   0.005015   0.000874   0.000287   0.015560   0.000189   0.011057   0.033143   
0.000923   0.018697   0.000152   0.009156   0.003190   0.003004   0.003004   0.003004   0.003004   0.006073   0.006072   0.005015   0.000874   0.000287   0.015560   0.000189   0.011057   0.033144   
0.000923   0.018697   0.000152   0.009156   0.003190   0.003004   0.003004   0.003004   0.003004   0.006074   0.006072   0.005015   0.000874   0.000287   0.015560   0.000189   0.011057   0.033145   
0.000923   0.018697   0.000152   0.009156   0.003190   0.003004   0.003004   0.003004   0.003004   0.006074   0.006072   0.005015   0.000874   0.000287   0.015560   0.000189   0.011057   0.033146   
0.000923   0.018698   0.000152   0.009156   0.003190   0.003004   0.003004   0.003004   0.003004   0.006074   0.006072   0.005015   0.000874   0.000287   0.015560   0.000189   0.011057   0.033146   
0.000923   0.018698   0.000152   0.009156   0.003190   0.003004   0.003004   0.003004   0.003004   0.006074   0.006072   0.005015   0.000874   0.000287   0.015560   0.000189   0.011057   0.033147   
0.000923   0.018698   0.000152   0.009156   0.003190   0.003004   0.003004   0.003004   0.003004   0.006074   0.006072   0.005015   0.000874   0.000287   0.015560   0.000189   0.011057   0.033148   
0.000923   0.018698   0.000152   0.009156   0.003190   0.003004   0.003004   0.003004   0.003004   0.006074   0.006072   0.005015   0.000874   0.000287   0.015560   0.000189   0.011057   0.033148   
0.000923   0.018698   0.000152   0.009156   0.003190   0.003004   0.003004   0.003004   0.003004   0.006074   0.006072   0.005015   0.000874   0.000287   0.015561   0.000189   0.011057   0.033149   
0.000923   0.018698   0.000152   0.009156   0.003190   0.003004   0.003004   0.003004   0.003004   0.006074   0.006072   0.005015   0.000874   0.000287   0.015561   0.000189   0.011057   0.033149   
0.000923   0.018698   0.000152   0.009156   0.003190   0.003004   0.003004   0.003004   0.003004   0.006074   0.006072   0.005015   0.000874   0.000287   0.015561   0.000189   0.011057   0.033150   
0.000923   0.018698   0.000152   0.009156   0.003190   0.003004   0.003004   0.003004   0.003004   0.006074   0.006072   0.005015   0.000874   0.000287   0.015561   0.000189   0.011057   0.033150   
0.000923   0.018698   0.000152   0.009156   0.003190   0.003004   0.003004   0.003004   0.003004   0.006074   0.006073   0.005015   0.000874   0.000287   0.015561   0.000189   0.011057   0.033151   
0.000923   0.018698   0.000152   0.009156   0.003190   0.003004   0.003004   0.003004   0.003004   0.006074   0.006073   0.005015   0.000874   0.000287   0.015561   0.000189   0.011058   0.033151   
0.000923   0.018698   0.000152   0.009156   0.003190   0.003005   0.003005   0.003005   0.003005   0.006074   0.006073   0.005015   0.000874   0.000287   0.015561   0.000189   0.011058   0.033152   
0.000923   0.018698   0.000152   0.009156   0.003190   0.003005   0.003005   0.003005   0.003005   0.006074   0.006073   0.005015   0.000874   0.000287   0.015561   0.000189   0.011058   0.033152   
0.000923   0.018698   0.000152   0.009156   0.003190   0.003005   0.003005   0.003005   0.003005   0.006074   0.006073   0.005015   0.000874   0.000287   0.015561   0.000189   0.011058   0.033152   
0.000541   0.011011   0.000086   0.005201   0.001819   0.001922   0.001922   0.001922   0.001922   0.003863   0.003862   0.002853   0.000505   0.000163   0.009088   0.000107   0.006534   0.022692   
0.000040   0.000920   0.000000   0.000020   0.000020   0.000500   0.000500   0.000500   0.000500   0.000960   0.000960   0.000020   0.000020   0.000000   0.000600   0.000000   0.000600   0.008960   
0.000040   0.000920   0.000000   0.000020   0.000020   0.000500   0.000500   0.000500   0.000500   0.000960   0.000960   0.000020   0.000020   0.000000   0.000600   0.000000   0.000600   0.008960   
0.000040   0.000920   0.000000   0.000020   0.000020   0.000500   0.000500   0.000500   0.000500   0.000960   0.000960   0.000020   0.000020   0.000000   0.000600   0.000000   0.000600   0.008960   
0.000040   0.000920   0.000000   0.000020   0.000020   0.000500   0.000500   0.000500   0.000500   0.000960   0.000960   0.000020   0.000020   0.000000   0.000600   0.000000   0.000600   0.008960   
0.000040   0.000920   0.000000   0.000020   0.000020   0.000500   0.000500   0.000500   0.000500   0.000960   0.000960   0.000020   0.000020   0.000000   0.000600   0.000000   0.000600   0.008960   
0.000040   0.000920   0.000000   0.000020   0.000020   0.000500   0.000500   0.000500   0.000500   0.000960   0.000960   0.000020   0.000020   0.000000   0.000600   0.000000   0.000600   0.008960   
0.000040   0.000920   0.000000   0.000020   0.000020   0.000500   0.000500   0.000500   0.000500   0.000960   0.000960   0.000020   0.000020   0.000000   0.000600   0.000000   0.000600   0.008960   
0.000040   0.000920   0.000000   0.000020   0.000020   0.000500   0.000500   0.000500   0.000500   0.000960   0.000960   0.000020   0.000020   0.000000   0.000600   0.000000   0.000600   0.008960   
0.000040   0.000920   0.000000   0.000020   0.000020   0.000500   0.000500   0.000500   0.000500   0.000960   0.000960   0.000020   0.000020   0.000000   0.000600   0.000000   0.000600   0.008960   
0.000040   0.000920   0.000000   0.000020   0.000020   0.000500   0.000500   0.000500   0.000500   0.000960   0.000960   0.000020   0.000020   0.000000   0.000600   0.000000   0.000600   0.008960   
0.000040   0.000920   0.000000   0.000020   0.000020   0.000500   0.000500   0.000500   0.000500   0.000960   0.000960   0.000020   0.000020   0.000000   0.000600   0.000000   0.000600   0.008960   
0.000040   0.000920   0.000000   0.000020   0.000020   0.000500   0.000500   0.000500   0.000500   0.000960   0.000960   0.000020   0.000020   0.000000   0.000600   0.000000   0.000600   0.008960   
0.000040   0.000920   0.000000   0.000020   0.000020   0.000500   0.000500   0.000500   0.000500   0.000960   0.000960   0.000020   0.000020   0.000000   0.000600   0.000000   0.000600   0.008960   
0.000040   0.000920   0.000000   0.000020   0.000020   0.000500   0.000500   0.000500   0.000500   0.000960   0.000960   0.000020   0.000020   0.000000   0.000600   0.000000   0.000600   0.008960   
0.000040   0.000920   0.000000   0.000020   0.000020   0.000500   0.000500   0.000500   0.000500   0.000960   0.000960   0.000020   0.000020   0.000000   0.000600   0.000000   0.000600   0.008960   
0.000040   0.000920   0.000000   0.000020   0.000020   0.000500   0.000500   0.000500   0.000500   0.000960   0.000960   0.000020   0.000020   0.000000   0.000600   0.000000   0.000600   0.008960   
0.000040   0.000920   0.000000   0.000020   0.000020   0.000500   0.000500   0.000500   0.000500   0.000960   0.000960   0.000020   0.000020   0.000000   0.000600   0.000000   0.000600   0.008960   
0.000040   0.000920   0.000000   0.000020   0.000020   0.000500   0.000500   0.000500   0.000500   0.000960   0.000960   0.000020   0.000020   0.000000   0.000600   0.000000   0.000600   0.008960   
0.000040   0.000920   0.000000   0.000020   0.000020   0.000500   0.000500   0.000500   0.000500   0.000960   0.000960   0.000020   0.000020   0.000000   0.000600   0.000000   0.000600   0.008960   
0.000040   0.000920   0.000000   0.000020   0.000020   0.000500   0.000500   0.000500   0.000500   0.000960   0.000960   0.000020   0.000020   0.000000   0.000600   0.000000   0.000600   0.008960   
0.000040   0.000920   0.000000   0.000020   0.000020   0.000500   0.000500   0.000500   0.000500   0.000960   0.000960   0.000020   0.000020   0.000000   0.000600   0.000000   0.000600   0.008960   
0.000040   0.000920   0.000000   0.000020   0.000020   0.000500   0.000500   0.000500   0.000500   0.000960   0.000960   0.000020   0.000020   0.000000   0.000600   0.000000   0.000600   0.008960   
0.000040   0.000920   0.000000   0.000020   0.000020   0.000500   0.000500   0.000500   0.000500   0.000960   0.000960   0.000020   0.000020   0.000000   0.000600   0.000000   0.000600   0.008960   
0.000040   0.000920   0.000000   0.000020   0.000020   0.000500   0.000500   0.000500   0.000500   0.000960   0.000960   0.000020   0.000020   0.000000   0.000600   0.000000   0.000600   0.008960   
0.000040   0.000920   0.000000   0.000020   0.000020   0.000500   0.000500   0.000500   0.000500   0.000960   0.000960   0.000020   0.000020   0.000000   0.000600   0.000000   0.000600   0.008960   
0.000040   0.000920   0.000000   0.000020   0.000020   0.000500   0.000500   0.000500   0.000500   0.000960   0.000960   0.000020   0.000020   0.000000   0.000600   0.000000   0.000600   0.008960   
0.000040   0.000920   0.000000   0.000020   0.000020   0.000500   0.000500   0.000500   0.000500   0.000960   0.000960   0.000020   0.000020   0.000000   0.000600   0.000000   0.000600   0.008960   
0.000500   0.010135   0.000079   0.004760   0.001649   0.001795   0.001795   0.001795   0.001795   0.003605   0.003605   0.002610   0.000464   0.000149   0.008379   0.000097   0.005999   0.021509   
0.000923   0.018678   0.000152   0.009156   0.003190   0.002999   0.002999   0.002999   0.002999   0.006064   0.006064   0.005015   0.000874   0.000287   0.015557   0.000189   0.011054   0.033124   
0.000923   0.018689   0.000152   0.009156   0.003190   0.003002   0.003002   0.003002   0.003002   0.006069   0.006068   0.005015   0.000874   0.000287   0.015558   0.000189   0.011055   0.033129   
0.000923   0.018694   0.000152   0.009156   0.003190   0.003003   0.003003   0.003003   0.003003   0.006071   0.006070   0.005015   0.000874   0.000287   0.015559   0.000189   0.011056   0.033133   
0.000923   0.018695   0.000152   0.009156   0.003190   0.003003   0.003003   0.003003   0.003003   0.006072   0.006070   0.005015   0.000874   0.000287   0.015559   0.000189   0.011056   0.033135   
0.000923   0.018696   0.000152   0.009156   0.003190   0.003004   0.003004   0.003004   0.003004   0.006072   0.006071   0.005015   0.000874   0.000287   0.015560   0.000189   0.011057   0.033137   
0.000923   0.018697   0.000152   0.009156   0.003190   0.003004   0.003004   0.003004   0.003004   0.006073   0.006071   0.005015   0.000874   0.000287   0.015560   0.000189   0.011057   0.033139   
0.000923   0.018697   0.000152   0.009156   0.003190   0.003004   0.003004   0.003004   0.003004   0.006073   0.006071   0.005015   0.000874   0.000287   0.015560   0.000189   0.011057   0.033140   
0.000923   0.018697   0.000152   0.009156   0.003190   0.003004   0.003004   0.003004   0.003004   0.006073   0.006071   0.005015   0.000874   0.000287   0.015560   0.000189   0.011057   0.033141   
0.000923   0.018697   0.000152   0.009156   0.003190   0.003004   0.003004   0.003004   0.003004   0.006073   0.006071   0.005015   0.000874   0.000287   0.015560   0.000189   0.011057   0.033142   
0.000923   0.018697   0.000152   0.009156   0.003190   0.003004   0.003004   0.003004   0.003004   0.006073   0.006072   0.005015   0.000874   0.000287   0.015560   0.000189   0.011057   0.033143   
0.000923   0.018697   0.000152   0.009155   0.003190   0.003004   0.003004   0.003004   0.003004   0.006073   0.006072   0.005015   0.000874   0.000287   0.015560   0.000189   0.011057   0.033143   
0.000923   0.018697   0.000152   0.009156   0.003190   0.003004   0.003004   0.003004   0.003004   0.006073   0.006072   0.005015   0.000874   0.000287   0.015560   0.000189   0.011057   0.033144   
0.000923   0.018697   0.000152   0.009156   0.003190   0.003004   0.003004   0.003004   0.003004   0.006074   0.006072   0.005015   0.000874   0.000287   0.015560   0.000189   0.011057   0.033145   
0.000923   0.018697   0.000152   0.009156   0.003190   0.003004   0.003004   0.003004   0.003004   0.006074   0.006072   0.005015   0.000874   0.000287   0.015560   0.000189   0.011057   0.033146   
0.000923   0.018698   0.000152   0.009156   0.003190   0.003004   0.003004   0.003004   0.003004   0.006074   0.006072   0.005015   0.000874   0.000287   0.015560   0.000189   0.011057   0.033146   
0.000923   0.018698   0.000152   0.009156   0.003190   0.003004   0.003004   0.003004   0.003004   0.006074   0.006072   0.005015   0.000874   0.000287   0.015560   0.000189   0.011057   0.033147   
0.000923   0.018698   0.000152   0.009156   0.003190   0.003004   0.003004   0.003004   0.003004   0.006074   0.006072   0.005015   0.000874   0.000287   0.015560   0.000189   0.011057   0.033148   
0.000923   0.018698   0.000152   0.009156   0.003190   0.003004   0.003004   0.003004   0.003004   0.006074   0.006072   0.005015   0.000874   0.000287   0.015560   0.000189   0.011057   0.033148   
0.000923   0.018698   0.000152   0.009156   0.003190   0.003004   0.003004   0.003004   0.003004   0.006074   0.006072   0.005015   0.000874   0.000287   0.015561   0.000189   0.011057   0.033149   
0.000923   0.018698   0.000152   0.009156   0.003190   0.003004   0.003004   0.003004   0.003004   0.006074   0.006072   0.005015   0.000874   0.000287   0.015561   0.000189   0.011057   0.033149   
0.000923   0.018698   0.000152   0.009156   0.003190   0.003004   0.003004   0.003004   0.003004   0.006074   0.006072   0.005015   0.000874   0.000287   0.015561   0.000189   0.011057   0.033150   
0.000923   0.018698   0.000152   0.009156   0.003190   0.003004   0.003004   0.003004   0.003004   0.006074   0.006072   0.005015   0.000874   0.000287   0.015561   0.000189   0.011057   0.033150   
0.000923   0.018698   0.000152   0.009156   0.003190   0.003004   0.003004   0.003004   0.003004   0.006074   0.006073   0.005015   0.000874   0.000287   0.015561   0.000189   0.011057   0.033151   
0.000923   0.018698   0.000152   0.009156   0.003190   0.003004   0.003004   0.003004   0.003004   0.006074   0.006073   0.005015   0.000874   0.000287   0.015561   0.000189   0.011058   0.033151   
0.000923   0.018698   0.000152   0.009156   0.003190   0.003005   0.003005   0.003005   0.003005   0.006074   0.006073   0.005015   0.000874   0.000287   0.015561   0.000189   0.011058   0.033152   
0.000923   0.018698   0.000152   0.009156   0.003190   0.003005   0.003005   0.003005   0.003005   0.006074   0.006073   0.005015   0.000874   0.000287   0.015561   0.000189   0.011058   0.033152   
0.000923   0.018698   0.000152   0.009156   0.003190   0.003005   0.003005   0.003005   0.003005   0.006074   0.006073   0.005015   0.000874   0.000287   0.015561   0.000189   0.011058   0.033152   
0.000388   0.007936   0.000060   0.003620   0.001270   0.001488   0.001488   0.001488   0.001488   0.002978   0.002978   0.001989   0.000357   0.000113   0.006499   0.000075   0.004725   0.018506   
0.000040   0.000920   0.000000   0.000020   0.000020   0.000500   0.000500   0.000500   0.000500   0.000960   0.000960   0.000020   0.000020   0.000000   0.000600   0.000000   0.000600   0.008960   
0.000040   0.000920   0.000000   0.000020   0.000020   0.000500   0.000500   0.000500   0.000500   0.000960   0.000960   0.000020   0.000020   0.000000   0.000600   0.000000   0.000600   0.008960   
0.000040   0.000920   0.000000   0.000020   0.000020   0.000500   0.000500   0.000500   0.000500   0.000960   0.000960   0.000020   0.000020   0.000000   0.000600   0.000000   0.000600   0.008960   
0.000040   0.000920   0.000000   0.000020   0.000020   0.000500   0.000500   0.000500   0.000500   0.000960   0.000960   0.000020   0.000020   0.000000   0.000600   0.000000   0.000600   0.008960   
0.000040   0.000920   0.000000   0.000020   0.000020   0.000500   0.000500   0.000500   0.000500   0.000960   0.000960   0.000020   0.000020   0.000000   0.000600   0.000000   0.000600   0.008960   
0.000040   0.000920   0.000000   0.000020   0.000020   0.000500   0.000500   0.000500   0.000500   0.000960   0.000960   0.000020   0.000020   0.000000   0.000600   0.000000   0.000600   0.008960   
0.000040   0.000920   0.000000   0.000020   0.000020   0.000500   0.000500   0.000500   0.000500   0.000960   0.000960   0.000020   0.000020   0.000000   0.000600   0.000000   0.000600   0.008960   
0.000040   0.000920   0.000000   0.000020   0.000020   0.000500   0.000500   0.000500   0.000500   0.000960   0.000960   0.000020   0.000020   0.000000   0.000600   0.000000   0.000600   0.008960   
0.000040   0.000920   0.000000   0.000020   0.000020   0.000500   0.000500   0.000500   0.000500   0.000960   0.000960   0.000020   0.000020   0.000000   0.000600   0.000000   0.000600   0.008960   
0.000040   0.000920   0.000000   0.000020   0.000020   0.000500   0.000500   0.000500   0.000500   0.000960   0.000960   0.000020   0.000020   0.000000   0.000600   0.000000   0.000600   0.008960   
0.000040   0.000920   0.000000   0.000020   0.000020   0.000500   0.000500   0.000500   0.000500   0.000960   0.000960   0.000020   0.000020   0.000000   0.000600   0.000000   0.000600   0.008960   
0.000040   0.000920   0.000000   0.000020   0.000020   0.000500   0.000500   0.000500   0.000500   0.000960   0.000960   0.000020   0.000020   0.000000   0.000600   0.000000   0.000600   0.008960   
0.000040   0.000920   0.000000   0.000020   0.000020   0.000500   0.000500   0.000500   0.000500   0.000960   0.000960   0.000020   0.000020   0.000000   0.000600   0.000000   0.000600   0.008960   
0.000040   0.000920   0.000000   0.000020   0.000020   0.000500   0.000500   0.000500   0.000500   0.000960   0.000960   0.000020   0.000020   0.000000   0.000600   0.000000   0.000600   0.008960   
0.000040   0.000920   0.000000   0.000020   0.000020   0.000500   0.000500   0.000500   0.000500   0.000960   0.000960   0.000020   0.000020   0.000000   0.000600   0.000000   0.000600   0.008960   
0.000040   0.000920   0.000000   0.000020   0.000020   0.000500   0.000500   0.000500   0.000500   0.000960   0.000960   0.000020   0.000020   0.000000   0.000600   0.000000   0.000600   0.008960   
0.000040   0.000920   0.000000   0.000020   0.000020   0.000500   0.000500   0.000500   0.000500   0.000960   0.000960   0.000020   0.000020   0.000000   0.000600   0.000000   0.000600   0.008960   
0.000040   0.000920   0.000000   0.000020   0.000020   0.000500   0.000500   0.000500   0.000500   0.000960   0.000960   0.000020   0.000020   0.000000   0.000600   0.000000   0.000600   0.008960   
0.000040   0.000920   0.000000   0.000020   0.000020   0.000500   0.000500   0.000500   0.000500   0.000960   0.000960   0.000020   0.000020   0.000000   0.000600   0.000000   0.000600   0.008960   
0.000040   0.000920   0.000000   0.000020   0.000020   0.000500   0.000500   0.000500   0.000500   0.000960   0.000960   0.000020   0.000020   0.000000   0.000600   0.000000   0.000600   0.008960   
0.000040   0.000920   0.000000   0.000020   0.000020   0.000500   0.000500   0.000500   0.000500   0.000960   0.000960   0.000020   0.000020   0.000000   0.000600   0.000000   0.000600   0.008960   
0.000040   0.000920   0.000000   0.000020   0.000020   0.000500   0.000500   0.000500   0.000500   0.000960   0.000960   0.000020   0.000020   0.000000   0.000600   0.000000   0.000600   0.008960   
0.000040   0.000920   0.000000   0.000020   0.000020   0.000500   0.000500   0.000500   0.000500   0.000960   0.000960   0.000020   0.000020   0.000000   0.000600   0.000000   0.000600   0.008960   
0.000040   0.000920   0.000000   0.000020   0.000020   0.000500   0.000500   0.000500   0.000500   0.000960   0.000960   0.000020   0.000020   0.000000   0.000600   0.000000   0.000600   0.008960   
0.000040   0.000920   0.000000   0.000020   0.000020   0.000500   0.000500   0.000500   0.000500   0.000960   0.000960   0.000020   0.000020   0.000000   0.000600   0.000000   0.000600   0.008960   
0.000040   0.000920   0.000000   0.000020   0.000020   0.000500   0.000500   0.000500   0.000500   0.000960   0.000960   0.000020   0.000020   0.000000   0.000600   0.000000   0.000600   0.008960   
0.000040   0.000920   0.000000   0.000020   0.000020   0.000500   0.000500   0.000500   0.000500   0.000960   0.000960   0.000020   0.000020   0.000000   0.000600   0.000000   0.000600   0.008960   
0.000012   0.000283   0.000000   0.000006   0.000006   0.000154   0.000154   0.000154   0.000154   0.000296   0.000296   0.000006   0.000006   0.000000   0.000185   0.000000   0.000185   0.002761   