0.000925   0.018677   0.000152   0.009155   0.003174   0.002997   0.002997   0.002997   0.002997   0.006060   0.006059   0.005014   0.000875   0.000287   0.015575   0.000188   0.011028   0.033133   
0.000923   0.018685   0.000152   0.009156   0.003190   0.003001   0.003001   0.003001   0.003001   0.006067   0.006066   0.005015   0.000874   0.000287   0.015558   0.000189   0.011055   0.033126   
0.000923   0.018692   0.000152   0.009156   0.003190   0.003002   0.003002   0.003002   0.003002   0.006070   0.006069   0.005015   0.000874   0.000287   0.015559   0.000189   0.011056   0.033131   
0.000923   0.018695   0.000152   0.009156   0.003190   0.003003   0.003003   0.003003   0.003003   0.006072   0.006070   0.005015   0.000874   0.000287   0.015559   0.000189   0.011056   0.033134   
0.000923   0.018696   0.000152   0.009156   0.003190   0.003003   0.003003   0.003003   0.003003   0.006072   0.006071   0.005015   0.000874   0.000287   0.015560   0.000189   0.011056   0.033136   
0.000923   0.018696   0.000152   0.009156   0.003190   0.003004   0.003004   0.003004   0.003004   0.006073   0.006071   0.005015   0.000874   0.000287   0.015560   0.000189   0.011057   0.033138   
0.000923   0.018697   0.000152   0.009155   0.003190   0.003004   0.003004   0.003004   0.003004   0.006073   0.006071   0.005015   0.000874   0.000287   0.015560   0.000189   0.011057   0.033139   
0.000923   0.018697   0.000152   0.009156   0.003190   0.003004   0.003004   0.003004   0.003004   0.006073   0.006071   0.005015   0.000874   0.000287   0.015560   0.000189   0.011057   0.033140   
0.000923   0.018697   0.000152   0.009156   0.003190   0.003004   0.003004   0.003004   0.003004   0.006073   0.006071   0.005015   0.000874   0.000287   0.015560   0.000189   0.011057   0.033141   
0.000923   0.018697   0.000152   0.009156   0.003190   0.003004   0.003004   0.003004   0.003004   0.006073   0.006071   0.005015   0.000874   0.000287   0.015560   0.000189   0.011057   0.033142   
0.000923   0.018697   0.000152   0.009155   0.003190   0.003004   0.003004   0.003004   0.003004   0.006073   0.006072   0.005015   0.000874   0.000287   0.015560   0.000189   0.011057   0.033143   
0.000923   0.018697   0.000152   0.009156   0.003190   0.003004   0.003004   0.003004   0.003004   0.006073   0.006072   0.005015   0.000874   0.000287   0.015560   0.000189   0.011057   0.033144   
0.000923   0.018697   0.000152   0.009156   0.003190   0.003004   0.003004   0.003004   0.003004   0.006074   0.006072   0.005015   0.000874   0.000287   0.015560   0.000189   0.011057   0.033145   
0.000923   0.018697   0.000152   0.009156   0.003190   0.003004   0.003004   0.003004   0.003004   0.006074   0.006072   0.005015   0.000874   0.000287   0.015560   0.000189   0.011057   0.033145   
0.000923   0.018697   0.000152   0.009156   0.003190   0.003004   0.003004   0.003004   0.003004   0.006074   0.006072   0.005015   0.000874   0.000287   0.015560   0.000189   0.011057   0.033146   
0.000923   0.018698   0.000152   0.009156   0.003190   0.003004   0.003004   0.003004   0.003004   0.006074   0.006072   0.005015   0.000874   0.000287   0.015560   0.000189   0.011057   0.033147   
0.000923   0.018698   0.000152   0.009156   0.003190   0.003004   0.003004   0.003004   0.003004   0.006074   0.006072   0.005015   0.000874   0.000287   0.015560   0.000189   0.011057   0.033147   
0.000923   0.018698   0.000152   0.009156   0.003190   0.003004   0.003004   0.003004   0.003004   0.006074   0.006072   0.005015   0.000874   0.000287   0.015560   0.000189   0.011057   0.033148   
0.000923   0.018698   0.000152   0.009156   0.003190   0.003004   0.003004   0.003004   0.003004   0.006074   0.006072   0.005015   0.000874   0.000287   0.015561   0.000189   0.011057   0.033148   
0.000923   0.018698   0.000152   0.009156   0.003190   0.003004   0.003004   0.003004   0.003004   0.006074   0.006072   0.005015   0.000874   0.000287   0.015561   0.000189   0.011057   0.033149   
0.000923   0.018698   0.000152   0.009156   0.003190   0.003004   0.003004   0.003004   0.003004   0.006074   0.006072   0.005015   0.000874   0.000287   0.015561   0.000189   0.011057   0.033150   
0.000923   0.018698   0.000152   0.009156   0.003190   0.003004   0.003004   0.003004   0.003004   0.006074   0.006072   0.005015   0.000874   0.000287   0.015561   0.000189   0.011057   0.033150   
0.000923   0.018698   0.000152   0.009156   0.003190   0.003004   0.003004   0.003004   0.003004   0.006074   0.006073   0.005015   0.000874   0.000287   0.015561   0.000189   0.011057   0.033151   
0.000923   0.018698   0.000152   0.009156   0.003190   0.003004   0.003004   0.003004   0.003004   0.006074   0.006073   0.005015   0.000874   0.000287   0.015561   0.000189   0.011058   0.033151   
0.000923   0.018698   0.000152   0.009156   0.003190   0.003005   0.003005   0.003005   0.003005   0.006074   0.006073   0.005015   0.000874   0.000287   0.015561   0.000189   0.011058   0.033151   
0.000923   0.018698   0.000152   0.009156   0.003190   0.003005   0.003005   0.003005   0.003005   0.006074   0.006073   0.005015   0.000874   0.000287   0.015561   0.000189   0.011058   0.033152   
0.000923   0.018698   0.000152   0.009156   0.003190   0.003005   0.003005   0.003005   0.003005   0.006074   0.006073   0.005015   0.000874   0.000287   0.015561   0.000189   0.011058   0.033152   
0.000925   0.018704   0.000152   0.009150   0.003174   0.003004   0.003004   0.003004   0.003004   0.006073   0.006071   0.005012   0.000875   0.000287   0.015576   0.000188   0.011031   0.033162   
0.000923   0.018669   0.000152   0.009155   0.003190   0.002997   0.002997   0.002997   0.002997   0.006061   0.006060   0.005015   0.000874   0.000287   0.015555   0.000189   0.011053   0.033121   
0.000923   0.018686   0.000152   0.009156   0.003190   0.003001   0.003001   0.003001   0.003001   0.006068   0.006066   0.005015   0.000874   0.000287   0.015558   0.000189   0.011055   0.033127   
0.000923   0.018692   0.000152   0.009156   0.003190   0.003003   0.003003   0.003003   0.003003   0.006071   0.006069   0.005015   0.000874   0.000287   0.015559   0.000189   0.011056   0.033131   
0.000923   0.018695   0.000152   0.009156   0.003190   0.003003   0.003003   0.003003   0.003003   0.006072   0.006070   0.005015   0.000874   0.000287   0.015559   0.000189   0.011056   0.033134   
0.000923   0.018696   0.000152   0.009156   0.003190   0.003003   0.003003   0.003003   0.003003   0.006072   0.006071   0.005015   0.000874   0.000287   0.015560   0.000189   0.011056   0.033136   
0.000923   0.018696   0.000152   0.009156   0.003190   0.003004   0.003004   0.003004   0.003004   0.006073   0.006071   0.005015   0.000874   0.000287   0.015560   0.000189   0.011057   0.033138   
0.000923   0.018697   0.000152   0.009156   0.003190   0.003004   0.003004   0.003004   0.003004   0.006073   0.006071   0.005015   0.000874   0.000287   0.015560   0.000189   0.011057   0.033139   
0.000923   0.018697   0.000152   0.009156   0.003190   0.003004   0.003004   0.003004   0.003004   0.006073   0.006071   0.005015   0.000874   0.000287   0.015560   0.000189   0.011057   0.033140   
0.000923   0.018697   0.000152   0.009156   0.003190   0.003004   0.003004   0.003004   0.003004   0.006073   0.006071   0.005015   0.000874   0.000287   0.015560   0.000189   0.011057   0.033141   
0.000923   0.018697   0.000152   0.009156   0.003190   0.003004   0.003004   0.003004   0.003004   0.006073   0.006072   0.005015   0.000874   0.000287   0.015560   0.000189   0.011057   0.033142   
0.000923   0.018697   0.000152   0.009155   0.003190   0.003004   0.003004   0.003004   0.003004   0.006073   0.006072   0.005015   0.000874   0.000287   0.015560   0.000189   0.011057   0.033143   
0.000923   0.018697   0.000152   0.009156   0.003190   0.003004   0.003004   0.003004   0.003004   0.006073   0.006072   0.005015   0.000874   0.000287   0.015560   0.000189   0.011057   0.033144   
0.000923   0.018697   0.000152   0.009156   0.003190   0.003004   0.003004   0.003004   0.003004   0.006074   0.006072   0.005015   0.000874   0.000287   0.015560   0.000189   0.011057   0.033145   
0.000923   0.018697   0.000152   0.009156   0.003190   0.003004   0.003004   0.003004   0.003004   0.006074   0.006072   0.005015   0.000874   0.000287   0.015560   0.000189   0.011057   0.033145   
0.000923   0.018697   0.000152   0.009156   0.003190   0.003004   0.003004   0.003004   0.003004   0.006074   0.006072   0.005015   0.000874   0.000287   0.015560   0.000189   0.011057   0.033146   
0.000923   0.018698   0.000152   0.009156   0.003190   0.003004   0.003004   0.003004   0.003004   0.006074   0.006072   0.005015   0.000874   0.000287   0.015560   0.000189   0.011057   0.033147   
0.000923   0.018698   0.000152   0.009156   0.003190   0.003004   0.003004   0.003004   0.003004   0.006074   0.006072   0.005015   0.000874   0.000287   0.015560   0.000189   0.011057   0.033147   
0.000923   0.018698   0.000152   0.009156   0.003190   0.003004   0.003004   0.003004   0.003004   0.006074   0.006072   0.005015   0.000874   0.000287   0.015560   0.000189   0.011057   0.033148   
0.000923   0.018698   0.000152   0.009156   0.003190   0.003004   0.003004   0.003004   0.003004   0.006074   0.006072   0.005015   0.000874   0.000287   0.015560   0.000189   0.011057   0.033149   
0.000923   0.018698   0.000152   0.009156   0.003190   0.003004   0.003004   0.003004   0.003004   0.006074   0.006072   0.005015   0.000874   0.000287   0.015561   0.000189   0.011057   0.033149   
0.000923   0.018698   0.000152   0.009156   0.003190   0.003004   0.003004   0.003004   0.003004   0.006074   0.006072   0.005015   0.000874   0.000287   0.015561   0.000189   0.011057   0.033150   
0.000923   0.018698   0.000152   0.009156   0.003190   0.003004   0.003004   0.003004   0.003004   0.006074   0.006072   0.005015   0.000874   0.000287   0.015561   0.000189   0.011057   0.033150   
0.000923   0.018698   0.000152   0.009156   0.003190   0.003004   0.003004   0.003004   0.003004   0.006074   0.006073   0.005015   0.000874   0.000287   0.015561   0.000189   0.011057   0.033151   
0.000923   0.018698   0.000152   0.009156   0.003190   0.003004   0.003004   0.003004   0.003004   0.006074   0.006073   0.005015   0.000874   0.000287   0.015561   0.000189   0.011058   0.033151   
0.000923   0.018698   0.000152   0.009156   0.003190   0.003005   0.003005   0.003005   0.003005   0.006074   0.006073   0.005015   0.000874   0.000287   0.015561   0.000189   0.011058   0.033151   
0.000923   0.018698   0.000152   0.009156   0.003190   0.003005   0.003005   0.003005   0.003005   0.006074   0.006073   0.005015   0.000874   0.000287   0.015561   0.000189   0.011058   0.033152   
0.000923   0.018698   0.000152   0.009156   0.003190   0.003005   0.003005   0.003005   0.003005   0.006074   0.006073   0.005015   0.000874   0.000287   0.015561   0.000189   0.011058   0.033152   
0.000925   0.018701   0.000152   0.009150   0.003174   0.003003   0.003003   0.003003   0.003003   0.006071   0.006070   0.005012   0.000875   0.000287   0.015575   0.000188   0.011030   0.033159   
0.000923   0.018671   0.000152   0.009155   0.003190   0.002998   0.002998   0.002998   0.002998   0.006061   0.006061   0.005015   0.000874   0.000287   0.015556   0.000189   0.011053   0.033122   
0.000923   0.018687   0.000152   0.009156   0.003190   0.003001   0.003001   0.003001   0.003001   0.006068   0.006067   0.005015   0.000874   0.000287   0.015558   0.000189   0.011055   0.033127   
0.000923   0.018693   0.000152   0.009156   0.003190   0.003003   0.003003   0.003003   0.003003   0.006071   0.006069   0.005015   0.000874   0.000287   0.015559   0.000189   0.011056   0.033131   
0.000923   0.018695   0.000152   0.009156   0.003190   0.003003   0.003003   0.003003   0.003003   0.006072   0.006070   0.005015   0.000874   0.000287   0.015559   0.000189   0.011056   0.033134   
0.000923   0.018696   0.000152   0.009156   0.003190   0.003003   0.003003   0.003003   0.003003   0.006072   0.006071   0.005015   0.000874   0.000287   0.015560   0.000189   0.011056   0.033136   
0.000923   0.018696   0.000152   0.009156   0.003190   0.003004   0.003004   0.003004   0.003004   0.006073   0.006071   0.005015   0.000874   0.000287   0.015560   0.000189   0.011057   0.033138   
0.000923   0.018697   0.000152   0.009155   0.003190   0.003004   0.003004   0.003004   0.003004   0.006073   0.006071   0.005015   0.000874   0.000287   0.015560   0.000189   0.011057   0.033139   
0.000923   0.018697   0.000152   0.009156   0.003190   0.003004   0.003004   0.003004   0.003004   0.006073   0.006071   0.005015   0.000874   0.000287   0.015560   0.000189   0.011057   0.033140   
0.000923   0.018697   0.000152   0.009156   0.003190   0.003004   0.003004   0.003004   0.003004   0.006073   0.006071   0.005015   0.000874   0.000287   0.015560   0.000189   0.011057   0.033141   
0.000923   0.018697   0.000152   0.009156   0.003190   0.003004   0.003004   0.003004   0.003004   0.006073   0.006072   0.005015   0.000874   0.000287   0.015560   0.000189   0.011057   0.033142   
0.000923   0.018697   0.000152   0.009155   0.003190   0.003004   0.003004   0.003004   0.003004   0.006073   0.006072   0.005015   0.000874   0.000287   0.015560   0.000189   0.011057   0.033143   
0.000923   0.018697   0.000152   0.009156   0.003190   0.003004   0.003004   0.003004   0.003004   0.006073   0.006072   0.005015   0.000874   0.000287   0.015560   0.000189   0.011057   0.033144   
0.000923   0.018697   0.000152   0.009156   0.003190   0.003004   0.003004   0.003004   0.003004   0.006074   0.006072   0.005015   0.000874   0.000287   0.015560   0.000189   0.011057   0.033145   
0.000923   0.018697   0.000152   0.009156   0.003190   0.003004   0.003004   0.003004   0.003004   0.006074   0.006072   0.005015   0.000874   0.000287   0.015560   0.000189   0.011057   0.033145   
0.000923   0.018698   0.000152   0.009156   0.003190   0.003004   0.003004   0.003004   0.003004   0.006074   0.006072   0.005015   0.000874   0.000287   0.015560   0.000189   0.011057   0.033146   
0.000923   0.018698   0.000152   0.009156   0.003190   0.003004   0.003004   0.003004   0.003004   0.006074   0.006072   0.005015   0.000874   0.000287   0.015560   0.000189   0.011057   0.033147   
0.000923   0.018698   0.000152   0.009156   0.003190   0.003004   0.003004   0.003004   0.003004   0.006074   0.006072   0.005015   0.000874   0.000287   0.015560   0.000189   0.011057   0.033147   
0.000923   0.018698   0.000152   0.009156   0.003190   0.003004   0.003004   0.003004   0.003004   0.006074   0.006072   0.005015   0.000874   0.000287   0.015560   0.000189   0.011057   0.033148   
0.000923   0.018698   0.000152   0.009156   0.003190   0.003004   0.003004   0.003004   0.003004   0.006074   0.006072   0.005015   0.000874   0.000287   0.015561   0.000189   0.011057   0.033149   
0.000923   0.018698   0.000152   0.009156   0.003190   0.003004   0.003004   0.003004   0.003004   0.006074   0.006072   0.005015   0.000874   0.000287   0.015561   0.000189   0.011057   0.033149   
0.000923   0.018698   0.000152   0.009156   0.003190   0.003004   0.003004   0.003004   0.003004   0.006074   0.006072   0.005015   0.000874   0.000287   0.015561   0.000189   0.011057   0.033150   
0.000923   0.018698   0.000152   0.009156   0.003190   0.003004   0.003004   0.003004   0.003004   0.006074   0.006072   0.005015   0.000874   0.000287   0.015561   0.000189   0.011057   0.033150   
0.000923   0.018698   0.000152   0.009156   0.003190   0.003004   0.003004   0.003004   0.003004   0.006074   0.006073   0.005015   0.000874   0.000287   0.015561   0.000189   0.011057   0.033151   
0.000923   0.018698   0.000152   0.009156   0.003190   0.003004   0.003004   0.003004   0.003004   0.006074   0.006073   0.005015   0.000874   0.000287   0.015561   0.000189   0.011058   0.033151   
0.000923   0.018698   0.000152   0.009156   0.003190   0.003005   0.003005   0.003005   0.003005   0.006074   0.006073   0.005015   0.000874   0.000287   0.015561   0.000189   0.011058   0.033151   
0.000923   0.018698   0.000152   0.009156   0.003190   0.003005   0.003005   0.003005   0.003005   0.006074   0.006073   0.005015   0.000874   0.000287   0.015561   0.000189   0.011058   0.033152   
0.000923   0.018698   0.000152   0.009156   0.003190   0.003005   0.003005   0.003005   0.003005   0.006074   0.006073   0.005015   0.000874   0.000287   0.015561   0.000189   0.011058   0.033152   
0.000925   0.018697   0.000152   0.009150   0.003174   0.003002   0.003002   0.003002   0.003002   0.006069   0.006068   0.005012   0.000875   0.000287   0.015574   0.000188   0.011030   0.033156   
0.000923   0.018673   0.000152   0.009156   0.003190   0.002998   0.002998   0.002998   0.002998   0.006062   0.006062   0.005015   0.000874   0.000287   0.015556   0.000189   0.011054   0.033122   
0.000923   0.018688   0.000152   0.009156   0.003190   0.003001   0.003001   0.003001   0.003001   0.006068   0.006067   0.005015   0.000874   0.000287   0.015558   0.000189   0.011055   0.033128   
0.000923   0.018693   0.000152   0.009156   0.003190   0.003003   0.003003   0.003003   0.003003   0.006071   0.006069   0.005015   0.000874   0.000287   0.015559   0.000189   0.011056   0.033132   
0.000923   0.018695   0.000152   0.009156   0.003190   0.003003   0.003003   0.003003   0.003003   0.006072   0.006070   0.005015   0.000874   0.000287   0.015559   0.000189   0.011056   0.033135   
0.000923   0.018696   0.000152   0.009156   0.003190   0.003003   0.003003   0.003003   0.003003   0.006072   0.006071   0.005015   0.000874   0.000287   0.015560   0.000189   0.011056   0.033137   
0.000923   0.018696   0.000152   0.009156   0.003190   0.003004   0.003004   0.003004   0.003004   0.006073   0.006071   0.005015   0.000874   0.000287   0.015560   0.000189   0.011057   0.033138   
0.000923   0.018697   0.000152   0.009156   0.003190   0.003004   0.003004   0.003004   0.003004   0.006073   0.006071   0.005015   0.000874   0.000287   0.015560   0.000189   0.011057   0.033140   
0.000923   0.018697   0.000152   0.009156   0.003190   0.003004   0.003004   0.003004   0.003004   0.006073   0.006071   0.005015   0.000874   0.000287   0.015560   0.000189   0.011057   0.033141   
0.000923   0.018697   0.000152   0.009156   0.003190   0.003004   0.003004   0.003004   0.003004   0.006073   0.006071   0.005015   0.000874   0.000287   0.015560   0.000189   0.011057   0.033142   
0.000923   0.018697   0.000152   0.009156   0.003190   0.003004   0.003004   0.003004   0.003004   0.006073   0.006072   0.005015   0.000874   0.000287   0.015560   0.000189   0.011057   0.033142   
0.000923   0.018697   0.000152   0.009155   0.003190   0.003004   0.003004   0.003004   0.003004   0.006073   0.006072   0.005015   0.000874   0.000287   0.015560   0.000189   0.011057   0.033143   
0.000923   0.018697   0.000152   0.009156   0.003190   0.003004   0.003004   0.003004   0.003004   0.006073   0.006072   0.005015   0.000874   0.000287   0.015560   0.000189   0.011057   0.033144   
0.000923   0.018697   0.000152   0.009156   0.003190   0.003004   0.003004   0.003004   0.003004   0.006074   0.006072   0.005015   0.000874   0.000287   0.015560   0.000189   0.011057   0.033145   
0.000923   0.018697   0.000152   0.009156   0.003190   0.003004   0.003004   0.003004   0.003004   0.006074   0.006072   0.005015   0.000874   0.000287   0.015560   0.000189   0.011057   0.033146   
0.000923   0.018698   0.000152   0.009156   0.003190   0.003004   0.003004   0.003004   0.003004   0.006074   0.006072   0.005015   0.000874   0.000287   0.015560   0.000189   0.011057   0.033146   
0.000923   0.018698   0.000152   0.009156   0.003190   0.003004   0.003004   0.003004   0.003004   0.006074   0.006072   0.005015   0.000874   0.000287   0.015560   0.000189   0.011057   0.033147   
0.000923   0.018698   0.000152   0.009156   0.003190   0.003004   0.003004   0.003004   0.003004   0.006074   0.006072   0.005015   0.000874   0.000287   0.015560   0.000189   0.011057   0.033147   
0.000923   0.018698   0.000152   0.009156   0.003190   0.003004   0.003004   0.003004   0.003004   0.006074   0.006072   0.005015   0.000874   0.000287   0.015560   0.000189   0.011057   0.033148   
0.000923   0.018698   0.000152   0.009156   0.003190   0.003004   0.003004   0.003004   0.003004   0.006074   0.006072   0.005015   0.000874   0.000287   0.015561   0.000189   0.011057   0.033149   
0.000923   0.018698   0.000152   0.009156   0.003190   0.003004   0.003004   0.003004   0.003004   0.006074   0.006072   0.005015   0.000874   0.000287   0.015561   0.000189   0.011057   0.033149   
0.000923   0.018698   0.000152   0.009156   0.003190   0.003004   0.003004   0.003004   0.003004   0.006074   0.006072   0.005015   0.000874   0.000287   0.015561   0.000189   0.011057   0.033150   
0.000923   0.018698   0.000152   0.009156   0.003190   0.003004   0.003004   0.003004   0.003004   0.006074   0.006072   0.005015   0.000874   0.000287   0.015561   0.000189   0.011057   0.033150   
0.000923   0.018698   0.000152   0.009156   0.003190   0.003004   0.003004   0.003004   0.003004   0.006074   0.006073   0.005015   0.000874   0.000287   0.015561   0.000189   0.011057   0.033151   
0.000923   0.018698   0.000152   0.009156   0.003190   0.003004   0.003004   0.003004   0.003004   0.006074   0.006073   0.005015   0.000874   0.000287   0.015561   0.000189   0.011058   0.033151   
0.000923   0.018698   0.000152   0.009156   0.003190   0.003005   0.003005   0.003005   0.003005   0.006074   0.006073   0.005015   0.000874   0.000287   0.015561   0.000189   0.011058   0.033151   
0.000923   0.018698   0.000152   0.009156   0.003190   0.003005   0.003005   0.003005   0.003005   0.006074   0.006073   0.005015   0.000874   0.000287   0.015561   0.000189   0.011058   0.033152   
0.000923   0.018698   0.000152   0.009156   0.003190   0.003005   0.003005   0.003005   0.003005   0.006074   0.006073   0.005015   0.000874   0.000287   0.015561   0.000189   0.011058   0.033152   
0.000925   0.018694   0.000152   0.009150   0.003174   0.003001   0.003001   0.003001   0.003001   0.006068   0.006067   0.005011   0.000875   0.000287   0.015574   0.000188   0.011029   0.033154   
0.000923   0.018675   0.000152   0.009156   0.003190   0.002999   0.002999   0.002999   0.002999   0.006063   0.006062   0.005015   0.000874   0.000287   0.015556   0.000189   0.011054   0.033123   
0.000923   0.018688   0.000152   0.009156   0.003190   0.003002   0.003002   0.003002   0.003002   0.006069   0.006067   0.005015   0.000874   0.000287   0.015558   0.000189   0.011055   0.033128   
0.000923   0.018693   0.000152   0.009156   0.003190   0.003003   0.003003   0.003003   0.003003   0.006071   0.006069   0.005015   0.000874   0.000287   0.015559   0.000189   0.011056   0.033132   
0.000923   0.018695   0.000152   0.009156   0.003190   0.003003   0.003003   0.003003   0.003003   0.006072   0.006070   0.005015   0.000874   0.000287   0.015559   0.000189   0.011056   0.033135   
0.000923   0.018696   0.000152   0.009156   0.003190   0.003003   0.003003   0.003003   0.003003   0.006072   0.006071   0.005015   0.000874   0.000287   0.015560   0.000189   0.011057   0.033137   
0.000923   0.018696   0.000152   0.009156   0.003190   0.003004   0.003004   0.003004   0.003004   0.006073   0.006071   0.005015   0.000874   0.000287   0.015560   0.000189   0.011057   0.033138   
0.000923   0.018697   0.000152   0.009156   0.003190   0.003004   0.003004   0.003004   0.003004   0.006073   0.006071   0.005015   0.000874   0.000287   0.015560   0.000189   0.011057   0.033140   
0.000923   0.018697   0.000152   0.009156   0.003190   0.003004   0.003004   0.003004   0.003004   0.006073   0.006071   0.005015   0.000874   0.000287   0.015560   0.000189   0.011057   0.033141   
0.000923   0.018697   0.000152   0.009156   0.003190   0.003004   0.003004   0.003004   0.003004   0.006073   0.006071   0.005015   0.000874   0.000287   0.015560   0.000189   0.011057   0.033142   
0.000923   0.018697   0.000152   0.009156   0.003190   0.003004   0.003004   0.003004   0.003004   0.006073   0.006072   0.005015   0.000874   0.000287   0.015560   0.000189   0.011057   0.033142   
0.000923   0.018697   0.000152   0.009155   0.003190   0.003004   0.003004   0.003004   0.003004   0.006073   0.006072   0.005015   0.000874   0.000287   0.015560   0.000189   0.011057   0.033143   
0.000923   0.018697   0.000152   0.009156   0.003190   0.003004   0.003004   0.003004   0.003004   0.006073   0.006072   0.005015   0.000874   0.000287   0.015560   0.000189   0.011057   0.033144   
0.000923   0.018697   0.000152   0.009156   0.003190   0.003004   0.003004   0.003004   0.003004   0.006074   0.006072   0.005015   0.000874   0.000287   0.015560   0.000189   0.011057   0.033145   
0.000923   0.018697   0.000152   0.009156   0.003190   0.003004   0.003004   0.003004   0.003004   0.006074   0.006072   0.005015   0.000874   0.000287   0.015560   0.000189   0.011057   0.033146   
0.000923   0.018698   0.000152   0.009156   0.003190   0.003004   0.003004   0.003004   0.003004   0.006074   0.006072   0.005015   0.000874   0.000287   0.015560   0.000189   0.011057   0.033146   
0.000923   0.018698   0.000152   0.009156   0.003190   0.003004   0.003004   0.003004   0.003004   0.006074   0.006072   0.005015   0.000874   0.000287   0.015560   0.000189   0.011057   0.033147   
0.000923   0.018698   0.000152   0.009156   0.003190   0.003004   0.003004   0.003004   0.003004   0.006074   0.006072   0.005015   0.000874   0.000287   0.015560   0.000189   0.011057   0.033148   
0.000923   0.018698   0.000152   0.009156   0.003190   0.003004   0.003004   0.003004   0.003004   0.006074   0.006072   0.005015   0.000874   0.000287   0.015560   0.000189   0.011057   0.033148   
0.000923   0.018698   0.000152   0.009156   0.003190   0.003004   0.003004   0.003004   0.003004   0.006074   0.006072   0.005015   0.000874   0.000287   0.015561   0.000189   0.011057   0.033149   
0.000923   0.018698   0.000152   0.009156   0.003190   0.003004   0.003004   0.003004   0.003004   0.006074   0.006072   0.005015   0.000874   0.000287   0.015561   0.000189   0.011057   0.033149   
0.000923   0.018698   0.000152   0.009156   0.003190   0.003004   0.003004   0.003004   0.003004   0.006074   0.006072   0.005015   0.000874   0.000287   0.015561   0.000189   0.011057   0.033150   
0.000923   0.018698   0.000152   0.009156   0.003190   0.003004   0.003004   0.003004   0.003004   0.006074   0.006072   0.005015   0.000874   0.000287   0.015561   0.000189   0.011057   0.033150   
0.000923   0.018698   0.000152   0.009156   0.003190   0.003004   0.003004   0.003004   0.003004   0.006074   0.006073   0.005015   0.000874   0.000287   0.015561   0.000189   0.011057   0.033151   
0.000923   0.018698   0.000152   0.009156   0.003190   0.003004   0.003004   0.003004   0.003004   0.006074   0.006073   0.005015   0.000874   0.000287   0.015561   0.000189   0.011058   0.033151   
0.000923   0.018698   0.000152   0.009156   0.003190   0.003005   0.003005   0.003005   0.003005   0.006074   0.006073   0.005015   0.000874   0.000287   0.015561   0.000189   0.011058   0.033152   
0.000923   0.018698   0.000152   0.009156   0.003190   0.003005   0.003005   0.003005   0.003005   0.006074   0.006073   0.005015   0.000874   0.000287   0.015561   0.000189   0.011058   0.033152   
0.000923   0.018698   0.000152   0.009156   0.003190   0.003005   0.003005   0.003005   0.003005   0.006074   0.006073   0.005015   0.000874   0.000287   0.015561   0.000189   0.011058   0.033152   
0.000925   0.018691   0.000152   0.009150   0.003174   0.003000   0.003000   0.003000   0.003000   0.006067   0.006065   0.005011   0.000875   0.000287   0.015573   0.000188   0.011029   0.033151   
0.000923   0.018677   0.000152   0.009156   0.003190   0.002999   0.002999   0.002999   0.002999   0.006064   0.006063   0.005015   0.000874   0.000287   0.015556   0.000189   0.011054   0.033123   
0.000923   0.018689   0.000152   0.009156   0.003190   0.003002   0.003002   0.003002   0.003002   0.006069   0.006068   0.005015   0.000874   0.000287   0.015558   0.000189   0.011055   0.033128   
0.000923   0.018694   0.000152   0.009156   0.003190   0.003003   0.003003   0.003003   0.003003   0.006071   0.006070   0.005015   0.000874   0.000287   0.015559   0.000189   0.011056   0.033132   
0.000923   0.018695   0.000152   0.009156   0.003190   0.003003   0.003003   0.003003   0.003003   0.006072   0.006070   0.005015   0.000874   0.000287   0.015559   0.000189   0.011056   0.033135   
0.000923   0.018696   0.000152   0.009156   0.003190   0.003004   0.003004   0.003004   0.003004   0.006072   0.006071   0.005015   0.000874   0.000287   0.015560   0.000189   0.011057   0.033137   
0.000923   0.018696   0.000152   0.009156   0.003190   0.003004   0.003004   0.003004   0.003004   0.006073   0.006071   0.005015   0.000874   0.000287   0.015560   0.000189   0.011057   0.033139   
0.000923   0.018697   0.000152   0.009156   0.003190   0.003004   0.003004   0.003004   0.003004   0.006073   0.006071   0.005015   0.000874   0.000287   0.015560   0.000189   0.011057   0.033140   
0.000923   0.018697   0.000152   0.009156   0.003190   0.003004   0.003004   0.003004   0.003004   0.006073   0.006071   0.005015   0.000874   0.000287   0.015560   0.000189   0.011057   0.033141   
0.000923   0.018697   0.000152   0.009156   0.003190   0.003004   0.003004   0.003004   0.003004   0.006073   0.006071   0.005015   0.000874   0.000287   0.015560   0.000189   0.011057   0.033142   
0.000923   0.018697   0.000152   0.009156   0.003190   0.003004   0.003004   0.003004   0.003004   0.006073   0.006072   0.005015   0.000874   0.000287   0.015560   0.000189   0.011057   0.033143   
0.000923   0.018697   0.000152   0.009155   0.003190   0.003004   0.003004   0.003004   0.003004   0.006073   0.006072   0.005015   0.000874   0.000287   0.015560   0.000189   0.011057   0.033143   
0.000923   0.018697   0.000152   0.009156   0.003190   0.003004   0.003004   0.003004   0.003004   0.006073   0.006072   0.005015   0.000874   0.000287   0.015560   0.000189   0.011057   0.033144   
0.000923   0.018697   0.000152   0.009156   0.003190   0.003004   0.003004   0.003004   0.003004   0.006074   0.006072   0.005015   0.000874   0.000287   0.015560   0.000189   0.011057   0.033145   
0.000923   0.018697   0.000152   0.009156   0.003190   0.003004   0.003004   0.003004   0.003004   0.006074   0.006072   0.005015   0.000874   0.000287   0.015560   0.000189   0.011057   0.033146   
0.000923   0.018698   0.000152   0.009156   0.003190   0.003004   0.003004   0.003004   0.003004   0.006074   0.006072   0.005015   0.000874   0.000287   0.015560   0.000189   0.011057   0.033146   
0.000923   0.018698   0.000152   0.009156   0.003190   0.003004   0.003004   0.003004   0.003004   0.006074   0.006072   0.005015   0.000874   0.000287   0.015560   0.000189   0.011057   0.033147   
0.000923   0.018698   0.000152   0.009156   0.003190   0.003004   0.003004   0.003004   0.003004   0.006074   0.006072   0.005015   0.000874   0.000287   0.015560   0.000189   0.011057   0.033148   
0.000923   0.018698   0.000152   0.009156   0.003190   0.003004   0.003004   0.003004   0.003004   0.006074   0.006072   0.005015   0.000874   0.000287   0.015560   0.000189   0.011057   0.033148   
0.000923   0.018698   0.000152   0.009156   0.003190   0.003004   0.003004   0.003004   0.003004   0.006074   0.006072   0.005015   0.000874   0.000287   0.015561   0.000189   0.011057   0.033149   
0.000923   0.018698   0.000152   0.009156   0.003190   0.003004   0.003004   0.003004   0.003004   0.006074   0.006072   0.005015   0.000874   0.000287   0.015561   0.000189   0.011057   0.033149   
0.000923   0.018698   0.000152   0.009156   0.003190   0.003004   0.003004   0.003004   0.003004   0.006074   0.006072   0.005015   0.000874   0.000287   0.015561   0.000189   0.011057   0.033150   
0.000923   0.018698   0.000152   0.009156   0.003190   0.003004   0.003004   0.003004   0.003004   0.006074   0.006072   0.005015   0.000874   0.000287   0.015561   0.000189   0.011057   0.033150   
0.000923   0.018698   0.000152   0.009156   0.003190   0.003004   0.003004   0.003004   0.003004   0.006074   0.006073   0.005015   0.000874   0.000287   0.015561   0.000189   0.011057   0.033151   
0.000923   0.018698   0.000152   0.009156   0.003190   0.003004   0.003004   0.003004   0.003004   0.006074   0.006073   0.005015   0.000874   0.000287   0.015561   0.000189   0.011058   0.033151   
0.000923   0.018698   0.000152   0.009156   0.003190   0.003005   0.003005   0.003005   0.003005   0.006074   0.006073   0.005015   0.000874   0.000287   0.015561   0.000189   0.011058   0.033152   
0.000923   0.018698   0.000152   0.009156   0.003190   0.003005   0.003005   0.003005   0.003005   0.006074   0.006073   0.005015   0.000874   0.000287   0.015561   0.000189   0.011058   0.033152   
0.000923   0.018698   0.000152   0.009156   0.003190   0.003005   0.003005   0.003005   0.003005   0.006074   0.006073   0.005015   0.000874   0.000287   0.015561   0.000189   0.011058   0.033152   
0.000925   0.018689   0.000152   0.009150   0.003174   0.003000   0.003000   0.003000   0.003000   0.006065   0.006064   0.005011   0.000875   0.000287   0.015573   0.000188   0.011028   0.033148   
0.000923   0.018678   0.000152   0.009156   0.003190   0.002999   0.002999   0.002999   0.002999   0.006064   0.006064   0.005015   0.000874   0.000287   0.015557   0.000189   0.011054   0.033124   
0.000923   0.018689   0.000152   0.009156   0.003190   0.003002   0.003002   0.003002   0.003002   0.006069   0.006068   0.005015   0.000874   0.000287   0.015558   0.000189   0.011055   0.033129   
0.000923   0.018694   0.000152   0.009156   0.003190   0.003003   0.003003   0.003003   0.003003   0.006071   0.006070   0.005015   0.000874   0.000287   0.015559   0.000189   0.011056   0.033133   
0.000923   0.018695   0.000152   0.009156   0.003190   0.003003   0.003003   0.003003   0.003003   0.006072   0.006070   0.005015   0.000874   0.000287   0.015559   0.000189   0.011056   0.033135   
0.000923   0.018696   0.000152   0.009156   0.003190   0.003004   0.003004   0.003004   0.003004   0.006072   0.006071   0.005015   0.000874   0.000287   0.015560   0.000189   0.011057   0.033137   
0.000923   0.018697   0.000152   0.009156   0.003190   0.003004   0.003004   0.003004   0.003004   0.006073   0.006071   0.005015   0.000874   0.000287   0.015560   0.000189   0.011057   0.033139   
0.000923   0.018697   0.000152   0.009156   0.003190   0.003004   0.003004   0.003004   0.003004   0.006073   0.006071   0.005015   0.000874   0.000287   0.015560   0.000189   0.011057   0.033140   
0.000923   0.018697   0.000152   0.009156   0.003190   0.003004   0.003004   0.003004   0.003004   0.006073   0.006071   0.005015   0.000874   0.000287   0.015560   0.000189   0.011057   0.033141   
0.000923   0.018697   0.000152   0.009156   0.003190   0.003004   0.003004   0.003004   0.003004   0.006073   0.006071   0.005015   0.000874   0.000287   0.015560   0.000189   0.011057   0.033142   
0.000923   0.018697   0.000152   0.009156   0.003190   0.003004   0.003004   0.003004   0.003004   0.006073   0.006072   0.005015   0.000874   0.000287   0.015560   0.000189   0.011057   0.033143   
0.000923   0.018697   0.000152   0.009155   0.003190   0.003004   0.003004   0.003004   0.003004   0.006073   0.006072   0.005015   0.000874   0.000287   0.015560   0.000189   0.011057   0.033143   
0.000923   0.018697   0.000152   0.009156   0.003190   0.003004   0.003004   0.003004   0.003004   0.006073   0.006072   0.005015   0.000874   0.000287   0.015560   0.000189   0.011057   0.033144   
0.000923   0.018697   0.000152   0.009156   0.003190   0.003004   0.003004   0.003004   0.003004   0.006074   0.006072   0.005015   0.000874   0.000287   0.015560   0.000189   0.011057   0.033145   
0.000923   0.018697   0.000152   0.009156   0.003190   0.003004   0.003004   0.003004   0.003004   0.006074   0.006072   0.005015   0.000874   0.000287   0.015560   0.000189   0.011057   0.033146   
0.000923   0.018698   0.000152   0.009156   0.003190   0.003004   0.003004   0.003004   0.003004   0.006074   0.006072   0.005015   0.000874   0.000287   0.015560   0.000189   0.011057   0.033146   
0.000923   0.018698   0.000152   0.009156   0.003190   0.003004   0.003004   0.003004   0.003004   0.006074   0.006072   0.005015   0.000874   0.000287   0.015560   0.000189   0.011057   0.033147   
0.000923   0.018698   0.000152   0.009156   0.003190   0.003004   0.003004   0.003004   0.003004   0.006074   0.006072   0.005015   0.000874   0.000287   0.015560   0.000189   0.011057   0.033148   
0.000923   0.018698   0.000152   0.009156   0.003190   0.003004   0.003004   0.003004   0.003004   0.006074   0.006072   0.005015   0.000874   0.000287   0.015560   0.000189   0.011057   0.033148   
0.000923   0.018698   0.000152   0.009156   0.003190   0.003004   0.003004   0.003004   0.003004   0.006074   0.006072   0.005015   0.000874   0.000287   0.015561   0.000189   0.011057   0.033149   
0.000923   0.018698   0.000152   0.009156   0.003190   0.003004   0.003004   0.003004   0.003004   0.006074   0.006072   0.005015   0.000874   0.000287   0.015561   0.000189   0.011057   0.033149   
0.000923   0.018698   0.000152   0.009156   0.003190   0.003004   0.003004   0.003004   0.003004   0.006074   0.006072   0.005015   0.000874   0.000287   0.015561   0.000189   0.011057   0.033150   
0.000923   0.018698   0.000152   0.009156   0.003190   0.003004   0.003004   0.003004   0.003004   0.006074   0.006072   0.005015   0.000874   0.000287   0.015561   0.000189   0.011057   0.033150   
0.000923   0.018698   0.000152   0.009156   0.003190   0.003004   0.003004   0.003004   0.003004   0.006074   0.006073   0.005015   0.000874   0.000287   0.015561   0.000189   0.011057   0.033151   
0.000923   0.018698   0.000152   0.009156   0.003190   0.003004   0.003004   0.003004   0.003004   0.006074   0.006073   0.005015   0.000874   0.000287   0.015561   0.000189   0.011058   0.033151   
0.000923   0.018698   0.000152   0.009156   0.003190   0.003005   0.003005   0.003005   0.003005   0.006074   0.006073   0.005015   0.000874   0.000287   0.015561   0.000189   0.011058   0.033152   
0.000923   0.018698   0.000152   0.009156   0.003190   0.003005   0.003005   0.003005   0.003005   0.006074   0.006073   0.005015   0.000874   0.000287   0.015561   0.000189   0.011058   0.033152   
0.000923   0.018698   0.000152   0.009156   0.003190   0.003005   0.003005   0.003005   0.003005   0.006074   0.006073   0.005015   0.000874   0.000287   0.015561   0.000189   0.011058   0.033152   
0.000925   0.018686   0.000152   0.009150   0.003174   0.002999   0.002999   0.002999   0.002999   0.006064   0.006063   0.005011   0.000875   0.000287   0.015572   0.000188   0.011028   0.033145   
0.000923   0.018680   0.000152   0.009156   0.003190   0.003000   0.003000   0.003000   0.003000   0.006065   0.006064   0.005015   0.000874   0.000287   0.015557   0.000189   0.011054   0.033124   
0.000923   0.018690   0.000152   0.009156   0.003190   0.003002   0.003002   0.003002   0.003002   0.006069   0.006068   0.005015   0.000874   0.000287   0.015558   0.000189   0.011056   0.033129   
0.000923   0.018694   0.000152   0.009156   0.003190   0.003003   0.003003   0.003003   0.003003   0.006071   0.006070   0.005015   0.000874   0.000287   0.015559   0.000189   0.011056   0.033133   
0.000923   0.018696   0.000152   0.009156   0.003190   0.003003   0.003003   0.003003   0.003003   0.006072   0.006070   0.005015   0.000874   0.000287   0.015559   0.000189   0.011056   0.033135   
0.000923   0.018696   0.000152   0.009156   0.003190   0.003004   0.003004   0.003004   0.003004   0.006072   0.006071   0.005015   0.000874   0.000287   0.015560   0.000189   0.011057   0.033137   
0.000923   0.018697   0.000152   0.009156   0.003190   0.003004   0.003004   0.003004   0.003004   0.006073   0.006071   0.005015   0.000874   0.000287   0.015560   0.000189   0.011057   0.033139   
0.000923   0.018697   0.000152   0.009156   0.003190   0.003004   0.003004   0.003004   0.003004   0.006073   0.006071   0.005015   0.000874   0.000287   0.015560   0.000189   0.011057   0.033140   
0.000923   0.018697   0.000152   0.009156   0.003190   0.003004   0.003004   0.003004   0.003004   0.006073   0.006071   0.005015   0.000874   0.000287   0.015560   0.000189   0.011057   0.033141   
0.000923   0.018697   0.000152   0.009156   0.003190   0.003004   0.003004   0.003004   0.003004   0.006073   0.006071   0.005015   0.000874   0.000287   0.015560   0.000189   0.011057   0.033142   
0.000923   0.018697   0.000152   0.009155   0.003190   0.003004   0.003004   0.003004   0.003004   0.006073   0.006072   0.005015   0.000874   0.000287   0.015560   0.000189   0.011057   0.033143   
0.000923   0.018697   0.000152   0.009156   0.003190   0.003004   0.003004   0.003004   0.003004   0.006073   0.006072   0.005015   0.000874   0.000287   0.015560   0.000189   0.011057   0.033144   
0.000923   0.018697   0.000152   0.009156   0.003190   0.003004   0.003004   0.003004   0.003004   0.006073   0.006072   0.005015   0.000874   0.000287   0.015560   0.000189   0.011057   0.033144   
0.000923   0.018697   0.000152   0.009156   0.003190   0.003004   0.003004   0.003004   0.003004   0.006074   0.006072   0.005015   0.000874   0.000287   0.015560   0.000189   0.011057   0.033145   
0.000923   0.018697   0.000152   0.009156   0.003190   0.003004   0.003004   0.003004   0.003004   0.006074   0.006072   0.005015   0.000874   0.000287   0.015560   0.000189   0.011057   0.033146   
0.000923   0.018698   0.000152   0.009156   0.003190   0.003004   0.003004   0.003004   0.003004   0.006074   0.006072   0.005015   0.000874   0.000287   0.015560   0.000189   0.011057   0.033146   
0.000923   0.018698   0.000152   0.009156   0.003190   0.003004   0.003004   0.003004   0.003004   0.006074   0.006072   0.005015   0.000874   0.000287   0.015560   0.000189   0.011057   0.033147   
0.000923   0.018698   0.000152   0.009156   0.003190   0.003004   0.003004   0.003004   0.003004   0.006074   0.006072   0.005015   0.000874   0.000287   0.015560   0.000189   0.011057   0.033148   
0.000923   0.018698   0.000152   0.009156   0.003190   0.003004   0.003004   0.003004   0.003004   0.006074   0.006072   0.005015   0.000874   0.000287   0.015560   0.000189   0.011057   0.033148   
0.000923   0.018698   0.000152   0.009156   0.003190   0.003004   0.003004   0.003004   0.003004   0.006074   0.006072   0.005015   0.000874   0.000287   0.015561   0.000189   0.011057   0.033149   
0.000923   0.018698   0.000152   0.009156   0.003190   0.003004   0.003004   0.003004   0.003004   0.006074   0.006072   0.005015   0.000874   0.000287   0.015561   0.000189   0.011057   0.033149   
0.000923   0.018698   0.000152   0.009156   0.003190   0.003004   0.003004   0.003004   0.003004   0.006074   0.006072   0.005015   0.000874   0.000287   0.015561   0.000189   0.011057   0.033150   
0.000923   0.018698   0.000152   0.009156   0.003190   0.003004   0.003004   0.003004   0.003004   0.006074   0.006072   0.005015   0.000874   0.000287   0.015561   0.000189   0.011057   0.033150   
0.000923   0.018698   0.000152   0.009156   0.003190   0.003004   0.003004   0.003004   0.003004   0.006074   0.006073   0.005015   0.000874   0.000287   0.015561   0.000189   0.011057   0.033151   
0.000923   0.018698   0.000152   0.009156   0.003190   0.003004   0.003004   0.003004   0.003004   0.006074   0.006073   0.005015   0.000874   0.000287   0.015561   0.000189   0.011058   0.033151   
0.000923   0.018698   0.000152   0.009156   0.003190   0.003005   0.003005   0.003005   0.003005   0.006074   0.006073   0.005015   0.000874   0.000287   0.015561   0.000189   0.011058   0.033152   
0.000923   0.018698   0.000152   0.009156   0.003190   0.003005   0.003005   0.003005   0.003005   0.006074   0.006073   0.005015   0.000874   0.000287   0.015561   0.000189   0.011058   0.033152   
0.000923   0.018698   0.000152   0.009156   0.003190   0.003005   0.003005   0.003005   0.003005   0.006074   0.006073   0.005015   0.000874   0.000287   0.015561   0.000189   0.011058   0.033152   
0.000284   0.005761   0.000047   0.002816   0.000982   0.000926   0.000926   0.000926   0.000926   0.001872   0.001871   0.001543   0.000269   0.000088   0.004790   0.000058   0.003405   0.010214   