0.089157
0.089221
0.089240
0.089250
0.089253
0.089259
0.089259
0.089260
0.089260
0.089260
0.089260
0.089261
0.089262
0.089262
0.089262
0.089263
0.089263
0.089263
0.089264
0.089264
0.089264
0.089264
0.089265
0.089266
0.089270
0.089270
0.089270
0.089234
0.089171
0.089223
0.089245
0.089250
0.089253
0.089259
0.089260
0.089260
0.089260
0.089261
0.089260
0.089261
0.089262
0.089262
0.089262
0.089263
0.089263
0.089263
0.089263
0.089264
0.089264
0.089264
0.089265
0.089266
0.089270
0.089270
0.089270
0.089222
0.089179
0.089225
0.089246
0.089250
0.089253
0.089259
0.089259
0.089260
0.089260
0.089261
0.089260
0.089261
0.089262
0.089262
0.089263
0.089263
0.089263
0.089263
0.089264
0.089264
0.089264
0.089264
0.089265
0.089266
0.089270
0.089270
0.089270
0.089209
0.089185
0.089226
0.089246
0.089250
0.089253
0.089259
0.089260
0.089260
0.089260
0.089261
0.089260
0.089261
0.089262
0.089262
0.089263
0.089263
0.089263
0.089263
0.089264
0.089264
0.089264
0.089264
0.089265
0.089266
0.089270
0.089270
0.089270
0.089198
0.089192
0.089231
0.089246
0.089250
0.089254
0.089259
0.089260
0.089260
0.089260
0.089261
0.089260
0.089261
0.089262
0.089262
0.089263
0.089263
0.089263
0.089263
0.089264
0.089264
0.089264
0.089264
0.089265
0.089266
0.089270
0.089270
0.089270
0.089187
0.089196
0.089233
0.089248
0.089250
0.089258
0.089259
0.089260
0.089260
0.089260
0.089261
0.089260
0.089261
0.089262
0.089262
0.089263
0.089263
0.089263
0.089263
0.089264
0.089264
0.089264
0.089264
0.089265
0.089266
0.089270
0.089270
0.089270
0.089181
0.089199
0.089233
0.089248
0.089250
0.089258
0.089260
0.089260
0.089260
0.089260
0.089261
0.089260
0.089261
0.089262
0.089262
0.089263
0.089263
0.089263
0.089263
0.089264
0.089264
0.089264
0.089264
0.089265
0.089266
0.089270
0.089270
0.089270
0.089171
0.089206
0.089235
0.089248
0.089251
0.089258
0.089260
0.089260
0.089260
0.089260
0.089260
0.089261
0.089261
0.089262
0.089262
0.089263
0.089263
0.089263
0.089263
0.089264
0.089264
0.089264
0.089264
0.089265
0.089266
0.089270
0.089270
0.089270
